1735.54663162
2182.45227745
1098.81639537
1231.96660135
1977.79464904
2339.80374482
1189.21335389
1272.91322426
2187.15064515
2490.80469401
1318.37544916
1453.11509431
2001.27563883
2582.20905057
1252.93004783
1407.24409224
1713.16278272
1910.3056591
952.460880543
1066.02190325
1801.32970521
2247.78960622
1028.10681806
1013.6742259
2088.43377037
2373.31795568
1083.94067757
1158.1776655
1952.0110973
2260.97785543
1054.27990701
1060.06741696
2307.45210087
2305.97547313
1559.39049584
1917.16037932
2463.86745251
2769.53451129
1444.04353865
1856.98317717
2515.48572004
2896.85443007
1807.53164992
1902.69700282
2652.1625176
2818.68015228
1566.76261391
1914.65012652
3863.12632582
3496.90223355
2851.21349111
3487.59789821
4050.08005055
3707.41651034
2855.45415842
2878.07873127
3902.52639961
3690.55580429
2867.14127386
3352.66664964
3626.41043562
3595.50252422
2866.59395497
3785.58002953
1853.70522567
2327.57969607
1041.57900857
1042.70600321
2129.12642034
2515.444837
1089.58026613
1120.48968414
2322.39511939
2826.43303613
1301.00429731
1250.5230935
2323.78184778
2634.25837168
1189.86732053
1204.34801089
1752.30395648
1941.69731419
1157.66450527
1273.40568117
1888.06364815
2385.69398015
1146.731952
1356.32377464
2162.34021449
2571.37053859
1150.88815013
1377.24965291
2072.64101687
2340.93969318
1133.93938652
1380.71769864
1647.50436949
1961.43767699
2714.86371408
1715.46895943
1778.36112348
2228.87353184
3580.61795387
1593.719726
1760.66077784
2436.88048014
3181.977585
1799.61887817
1982.44909956
2347.57591774
3497.20747353
1654.03581868
1863.27842484
3677.20562331
3599.05989873
3564.85349669
3805.75185324
3886.58205581
3164.3882691
3887.43201456
3616.0130819
4012.27599836
3118.16023226
4152.11852597
3567.10972369
4404.61077476
3029.6066749
3874.96025191
3335.97775308
3975.81437877
1721.1728129
2048.96038633
873.484152944
960.85433493
1901.05691443
2391.49030232
975.722036682
1012.07287828
2155.48205363
2562.97145585
1212.15899274
1109.50460439
1877.61233575
2598.27802612
1144.72035421
1078.31934264
1931.86745273
1817.28438766
2627.88818916
1023.00152238
1165.30052284
2129.3054628
2827.99501441
1055.7009618
1164.25210788
2351.75599154
1170.09738435
1317.74696256
2300.81404359
2575.24321536
1104.96145848
1297.63467255
2378.11562202
1718.53355424
2742.60709674
2781.55387932
2863.31261064
2289.88698938
2238.22377544
2952.8327643
3042.08549271
2262.13927101
2366.56369
2972.82760765
3172.08226135
2489.27192676
2635.58580448
3024.13170009
3407.39383981
2491.46066638
2740.32496423
3839.05277626
3639.10471246
3529.34721287
3787.61270751
3820.61545632
3509.12175469
4218.89119415
3740.36968379
3921.25125835
3463.54059603
4323.62997978
3929.50801599
3888.15083272
3535.38137144
4143.93594612
3910.66362546
3846.08724083
1492.93979926
2011.18247096
815.688622283
901.775019409
1854.24526151
2292.39630546
935.826387939
975.743133057
2094.87279028
2538.60272327
1134.16027547
1118.17397773
2001.19169073
2451.59227055
990.001593587
1202.53014556
1549.03822267
1924.35641499
993.177471455
1134.381421
2049.56869674
2611.36614528
1115.14545314
1143.38279665
1978.52358841
1124.32628397
1240.95713105
2093.63004917
1155.76327382
1274.90538197
1352.58676268
2380.48886312
2912.70486673
2052.8289158
2035.03185522
2608.17572168
3137.20518075
2237.41273872
2008.62908529
2878.67350294
3563.96259006
2118.26386242
2277.05637487
2777.45189606
3989.47295545
2098.06974706
2131.39400034
3151.29561096
4271.57085237
3622.34303116
3245.50962956
3109.56946581
4090.24272849
3996.39067305
3353.21642251
3303.23013805
3996.56078003
3932.95458805
3513.45471913
3221.92587392
3041.85166783
3990.04692271
3417.32332195
1915.59687244
2346.36176129
1194.37430065
1163.83063392
2163.90307839
2619.30755883
1341.71998937
1258.607782
2343.79948596
2683.53093494
1407.05135839
1405.92893071
2309.20555749
2705.35777199
1424.5665285
1366.75205163
1695.80768551
1131.88174316
1477.08710857
1966.00496692
1211.20416648
1500.78408325
1949.39156208
2293.04908211
1318.05273211
1622.22555278
2146.08644214
2341.2832726
1213.61719786
1640.73711993
2051.00984427
2610.17195913
1651.34863611
2089.8642443
2196.42856474
2632.91201174
1670.64183299
2052.54862653
2659.7191469
2973.71472254
1783.17846876
2391.20869421
2415.87200659
2890.30548003
1618.0366616
2148.90688006
1422.79742786
1477.56433324
888.181064136
963.319845907
1708.34054976
1765.57273896
1022.45274623
993.763668379
1624.42482838
1828.4179037
1167.2505101
1112.80781312
1682.50494007
1722.01668055
1207.07793751
974.230469929
1632.94491387
1924.53105514
1843.202091
2152.2953975
1384.61666619
1258.43300715
2078.71378494
2619.47016304
1534.11026546
1435.29431923
2134.57959783
2609.5209603
1662.33015781
1474.85038652
2218.66403921
2639.10409833
1614.48329186
1421.72338712
2201.3787009
1420.36358747
2096.97627899
1016.02452692
1227.68827286
1734.55637352
2695.44201197
1040.97377229
1277.61145069
1660.60065433
2633.82063226
1155.79672698
1182.29966132
1579.76008108
2811.58429111
1103.39154073
1307.95155675
2095.55213706
2374.25976254
2045.00095276
2485.8204318
1796.30289451
2003.07563455
2094.53949016
2542.75096187
1828.55063741
1962.48235004
2638.53774652
3169.76540716
1985.92892209
2247.06376694
2563.24615422
2976.76946869
1914.15390958
2102.45509595
1684.65301559
1997.55347711
1038.45163886
1090.23971258
1854.08540576
2280.08056212
1176.6140503
1263.47258266
1765.5724373
2530.66293583
1389.20872854
1432.08484339
1827.77337813
2371.30132207
1299.43028768
1366.00379342
2167.22156115
2590.82374778
1272.01892085
1480.24668836
2385.49232619
2950.92215661
1470.80260838
1530.77256243
2434.4159373
2606.80648237
1613.22415366
1549.49565986
2352.62207092
2913.43810684
1615.7415718
1529.73804628
1482.13205539
1735.37783241
1098.16066725
1247.60174834
1791.03320592
2097.10973863
1141.14057525
1461.15317152
2110.67169493
2223.03084523
1453.8060015
1489.91079465
1672.81138972
2297.32385198
1321.77882039
1579.82594147
2214.7613674
2421.54433059
2096.80647795
2020.10648406
2463.93392986
2846.58199933
2071.11766092
2062.92442963
2651.8720748
3348.65889129
2134.72543008
2246.01169524
2451.67094615
3102.76514146
2160.77374033
2021.23473858
1625.34663227
2115.40987843
857.479686905
891.267153603
2021.27464867
2383.34599734
858.242980595
935.850439869
2019.86961143
2462.79349681
989.69587783
1056.6264944
2092.36156887
2495.23370788
927.666818131
1004.14226938
2023.73753172
2527.84002518
1225.89730955
1432.19508904
2416.89261547
2979.87524057
1396.79180923
1921.77513248
2409.35303014
2946.09842962
1716.09757273
1716.96948278
2438.00237423
3179.06349727
1495.00149272
1936.40400679
2754.8059286
1696.43429265
1963.16894901
1197.27439408
1293.18946594
2025.52192191
2325.4823312
1212.44659268
1468.04071129
2288.00479589
2592.93699639
1318.87160579
1571.97084342
2314.0649881
2627.84523902
1221.21107641
1498.39696866
2206.37128854
2356.3815631
2190.25380712
2308.25766312
2237.38505041
2677.61936924
2358.05881544
2324.95214601
2405.67627467
3284.74610553
2439.81648877
2335.67452044
2286.91114129
3017.38870433
2439.98962933
2309.49856414
1619.81522552
1807.85692818
830.120722071
892.826161528
1903.89210325
2108.88673411
880.120794791
921.793329671
2020.7754424
2346.71688913
1037.46010788
999.850795868
1828.46213243
2360.8929085
934.653931532
966.786556291
2194.06317769
1964.60348677
2287.2063685
1046.95284248
1073.81606581
2336.26513641
2842.16483128
1087.77269239
1172.33221574
2261.98169469
3122.67543726
1357.07134164
1344.85192232
2515.90754958
3041.06187481
1144.6029712
1247.84037163
2737.58463917
1841.98086644
2025.48242214
1244.04138494
1594.72395019
2020.97518134
2353.73491912
1417.21220624
1736.67391093
2281.42434491
2764.77780115
1469.26991891
1852.37374758
2223.61491374
2674.63623719
1477.87917839
1862.33908579
2475.38602379
3086.53365119
2825.92016312
2291.31806413
2505.08684999
3337.231231
2753.57251719
2478.80137584
2596.50855997
2565.78745438
3246.12182571
2419.48290576
2617.98224881
2590.92621796
2649.8557727
2421.24158837
2529.90215518
4262.7911776
3255.33458139
2033.47234147
2189.85722424
950.399069579
1006.96102805
2192.7285844
2548.04992871
1000.91448612
1083.9716601
2293.56247184
2488.41309456
1166.94969302
1191.60209605
2297.19543107
2543.12092548
1166.59049834
1148.75868317
1939.60337652
1619.43066811
1025.12536094
935.180824169
1806.1226366
2519.5458456
1074.51757632
1034.89561452
2360.02969001
2122.06338534
1182.24669127
1132.14478718
2299.55160085
1654.68959657
1096.34697483
1066.14978563
2574.82740051
2393.45527047
1413.94207645
1587.40437186
2909.4883837
2990.88142477
1446.69842485
1681.92491918
2868.55793072
2931.68270502
1550.15162716
1719.03514679
2757.79094949
2957.13045375
1470.12695446
1668.22750028
3062.85520326
3087.61053416
3053.29248583
2828.24832144
3357.35973468
2776.59248769
3072.79878507
2852.0131272
3314.55579899
3453.51184789
3466.71180087
2843.52905416
3413.03829154
3305.61719283
3177.87262976
2795.06863926
1571.13439357
1933.26525237
895.456369715
983.865089129
1812.54544722
2241.94594712
991.801490647
998.253318746
1840.60542059
2288.75936023
1082.33377493
1131.81334923
1753.68289092
2395.37802914
1476.32423518
1068.22863026
1717.09238189
2017.31257627
989.389477075
1035.37844323
1914.83555001
2386.7836689
1066.18420521
1107.34502944
2072.6589236
2456.6680289
1138.12075855
1353.30391475
2232.86794227
2564.06157406
1130.22437084
1216.82875196
2010.43004978
2546.97225437
1319.05459904
1627.45321594
2137.45348639
3015.99537958
1383.59858546
1741.49468481
2203.0578132
3511.56802188
1525.26221514
2117.81396427
2240.9356885
3023.12479756
1457.715321
1787.11376752
3190.3084853
3494.32026126
2754.4317486
2796.12427649
3620.14024489
3927.94537288
2867.84002309
2914.65961032
3607.99552947
3925.13104761
3401.69262509
3260.27080525
3782.5595378
4199.93324798
2949.48857807
3254.20043169
1654.49788623
2182.31508057
1001.98577885
1093.35907261
2027.74583943
2508.8795038
1121.76299497
1180.28969574
2083.92294963
2535.38064992
1179.1504087
1332.5132054
1975.79852897
2646.72369857
1150.01922703
1318.01587751
2415.33688495
2429.01769957
2048.96649789
2335.28835982
982.973102302
987.522837511
2353.91634436
2507.16816042
1060.88602267
1118.97997585
2643.86515911
2748.24299483
1115.03191995
1176.10443573
2679.41108502
2702.13023992
1111.97708271
1180.79064251
2163.34878755
2463.5782121
2546.97174595
1898.02844377
1890.72824554
2741.33311019
2671.32348407
1922.93525899
1930.29383425
2986.44705236
2966.31818023
2086.11890402
2133.06289946
2916.54776116
2590.47450129
1992.80197671
2109.00410173
3180.12731372
3142.60073569
3588.53110642
3303.21773743
2862.42133839
3301.31224289
3894.32169576
3284.91402794
2791.55279264
3326.7842802
3757.07636539
3376.28859193
3310.37179176
3601.38660104
3696.1751946
3389.97672385
2829.71081846
