53024.8755596
47714.4603023
47158.614239
51608.2009003
57913.9472185
43537.0228395
44935.1401049
48465.6316439
48854.9414697
49582.1326064
49692.4261463
51747.1332802
50607.8678619
52016.6964154
48391.6967024
51805.1907807
52279.8284951
47053.8446557
51912.190444
55820.7832974
73716.938558
46414.7348122
53952.1911987
52555.2810511
58420.8228216
45704.4273952
54843.7986964
59159.4976553
90813.5624344
41582.575389
53732.0871599
53889.7996978
43797.7220059
42425.4160757
45192.9019171
35660.4212643
39615.1966412
46622.6852328
38808.8977247
32722.6710531
46435.96844
38920.2754775
46345.3381538
47806.0402891
64356.3662965
41310.2848812
40432.5835848
45667.8481321
35734.5150435
34658.9065848
40147.8740016
50995.4477809
38123.8970007
26670.2476178
37391.6725214
38098.5036059
38925.9299212
25170.642812
36463.0735693
43042.4439238
40439.6824427
25160.3274588
37063.0329532
48481.0757408
54022.2665767
63539.6163477
80727.1510493
76401.2426947
39209.2055526
47602.3400776
91117.9657221
82821.5473575
49054.4966628
48941.5248272
124307.833784
78165.1885926
45922.2439021
55058.9472786
116040.393926
80507.2867628
47013.7795135
40556.2886713
58679.698443
56577.0986941
54627.8085007
42152.1390358
56691.1317107
65039.0183471
58690.8017418
42824.7437513
53032.9259579
65011.5582502
61006.8643977
39243.1616065
54357.1895085
66497.8967683
65027.9991375
51534.1941238
43697.9261283
44778.4042582
46003.1140923
34659.1087786
36477.8058061
39365.5416776
43279.3569749
32489.8357364
45765.3382623
43097.5682962
47225.5955171
32251.060271
43568.6840288
38826.9169339
44933.5283014
52490.5860014
43498.7427186
30282.0453581
37734.060333
40876.5294732
40565.0783706
26994.9593701
28653.044789
30306.4419908
37497.0974016
27090.142362
42690.9658828
28954.0976852
37055.794737
26008.2077925
41119.6915423
27637.9287918
59239.80381
77209.4231558
78368.671666
78134.4136828
61791.8341951
66242.2172025
88274.7476119
91051.8594041
58828.627553
51799.0020551
108522.27926
96134.3066449
58712.6866026
62112.1956601
104502.16909
96911.0830489
122798.616355
78703.4441574
43280.0727497
51559.276728
55114.2722358
93241.1655289
42914.3034471
49852.4335973
54465.7229758
81306.8006975
53063.8882936
60509.9950521
103126.725842
44036.2494192
51593.2568838
59272.6031075
35947.0822475
54154.1473082
91128.7071023
51544.505131
33791.1502419
57732.9083384
56491.5071209
37112.9105538
28553.1762709
51523.1054776
56183.0267053
40500.9522515
37337.6306941
56921.6009431
38265.6214746
35312.894735
32427.0154724
57286.3428496
43472.8624117
55852.5941498
36666.8976276
29234.2388606
34703.0475004
32036.6948902
40700.0831761
27280.7057528
27492.5879292
26657.0037697
36934.9332987
26629.7890953
24703.8493031
26837.5298433
39740.9222265
26364.2599365
26047.357773
24355.6161325
66600.7586076
79345.281046
71802.2781927
59741.8747683
73297.2244551
73706.2370999
84338.9659008
80017.5521184
66168.5512759
74374.2848708
97318.5007213
95113.0813216
87125.6677543
79555.8956527
83174.818681
101445.616313
55419.0072208
62825.9519453
43827.9606758
41674.951157
83257.7056122
107159.031949
48812.1698865
48920.2221631
71564.9101684
47393.5555589
52947.5042583
85158.4962192
50497.0654148
54632.0272795
44530.8894227
49240.6094116
36533.222851
47550.7823927
44621.7233729
51758.0030139
29171.7877256
49251.582325
44319.4288496
33253.0087778
33731.1378231
45929.2301953
48623.9789784
39937.0657491
29880.6436513
45731.8391243
46313.0944053
41624.9759325
33615.893371
36069.288055
44642.7115612
35612.2194647
28093.3648724
30322.633033
38606.3435734
36008.7162983
36385.0344569
23394.1392908
38897.0171023
35792.2720034
31847.143583
26034.8397907
38400.690149
50613.9357122
55424.4696169
81984.8224609
77789.9629172
43876.8329477
43461.1031984
111644.886435
90083.5487048
45691.6376768
48492.982542
114778.194208
113871.606281
58311.367547
41170.0416557
115445.3914
107130.816484
60048.2721425
49937.6592045
48298.8134017
75941.3042843
50006.6391532
61746.5451395
77975.6624834
37314.2638748
52216.3587337
63564.7563536
67652.7221012
57862.9122706
49259.9523743
48740.2187796
36072.7227573
59041.8700657
37595.9215178
38872.8246948
26479.7341387
35906.029977
35152.1350065
33001.200527
41979.9268688
34918.5928326
36769.4310421
35141.7307061
31907.274954
33313.2580747
33740.2783427
43801.0365392
50346.6338979
53685.7512099
116270.975669
57877.8291092
58547.9146627
56263.894752
147643.315779
67342.1027043
87585.4263631
56126.9553385
165560.288567
163653.778815
64122.4138364
57474.353021
180134.929366
79897.7353581
115720.505707
290788.364762
39922.3277807
45398.2758775
64665.3405185
34690.9088924
38446.6696371
46521.7900956
70223.6434095
38960.8168311
40827.4231562
42699.772734
68234.7683103
41019.0487747
40778.656803
42392.4878634
56072.1514467
37456.7212104
110217.763043
52540.4218779
71699.3533198
39221.7722137
50996.2821036
68510.0208786
96374.8047761
40972.7276774
48695.0667062
62865.2014764
53904.8476715
43884.2747132
44754.3676676
61172.5584339
62527.8977482
42694.8156339
50421.4230914
79683.5892117
78811.785299
50124.2786719
61114.8047624
41889.4926008
46085.0268673
42331.7454854
53747.6900564
37692.8229551
38251.8034805
51218.0703719
44421.7752412
37998.2396689
42984.4227594
49975.4464665
49889.3798858
36228.4551562
40741.7748524
69898.8234267
62194.0974496
73409.0903978
68329.2205353
78610.5582448
65826.8735391
78165.4167519
69536.263051
75558.8736536
61082.9728054
118824.349593
83590.3776738
86884.6393442
63132.6356384
101699.392623
90643.8324566
54871.1920539
56237.9615129
65941.4608569
49571.0518894
93339.4532941
52341.8024018
98224.035064
44671.2301935
56136.2157981
49318.9199982
110220.151731
48481.9975352
74507.7835245
52973.9907407
104758.512844
42998.0423818
50536.6295758
57707.5746001
39657.7143784
41861.2780801
62281.3776126
76251.4912818
41966.2870772
52924.2228507
75022.3559412
84407.1895242
51531.8311915
52465.679686
59754.3789444
83527.947628
47851.0635582
55476.4720046
47315.6437063
55239.9815612
45699.0471302
39070.9367411
45294.4450085
56818.9040659
38696.2213932
37342.0905619
48276.4393283
65997.8538509
38277.5841724
40730.5072478
45125.492302
61287.0506058
39933.8719068
36346.7304405
103447.476264
97261.9495325
100645.464836
68036.9721112
101843.309534
101079.989147
120778.193996
131271.207814
93925.3928683
79070.8696415
131981.535641
138981.516513
108001.652956
92994.7457795
128939.996513
131199.368207
40288.2310462
47618.782663
76566.887382
57475.6324259
43919.4234682
45063.9974605
94368.5148952
75302.2092728
41922.7427244
49239.2501868
118913.9491
92509.8568539
42703.5363234
42744.0874014
102072.51571
79233.8426383
190126.771648
53023.4346353
38239.1169198
43501.710081
46074.8741679
65704.6015217
54536.8329033
41739.2692897
49631.1929394
69148.589387
90246.973893
44669.6294798
51625.3616048
70083.1110681
91735.6883441
42205.0548006
50430.9269863
46515.4982242
54124.4943083
44474.2488685
43544.4240379
39479.8097298
49492.4590993
41536.4488591
40486.6085334
40679.2616881
34604.7326344
42336.959503
38296.4274789
39014.7397199
50351.6675683
42099.1203444
39770.9938304
97940.6509838
76468.8338692
100467.217663
98626.7146105
104985.48422
102430.338584
115443.963261
113775.633834
96195.5913076
76250.2472284
131120.304983
120721.812492
97627.551161
84671.4196315
121404.807905
122190.692237
157324.385564
58124.5127898
62522.1429004
61153.8426528
46941.1023054
58811.0078273
62437.7345632
72644.2980658
52633.4591243
56411.4871464
67750.7906987
86562.8641773
55852.4000316
65267.6352404
65589.3333212
75570.9408338
53839.4047986
126588.20698
40145.226235
51042.157038
41019.9835549
54139.1549299
37998.2559018
72039.9221887
46072.727932
55266.5288784
38664.2272208
69109.8168179
46372.5738791
54882.9192381
42088.6838744
85281.2768032
48010.2355217
58917.6365322
49311.6448271
55681.8956671
48692.7781953
44150.9889346
45344.6023756
55829.6303396
49346.8312934
41352.810115
44441.767643
41024.4617792
51909.1108165
39351.9769101
40232.5782674
38939.947855
46202.9021398
39846.7187115
41971.5753203
48359.6577163
33515.347896
56362.3491699
71439.7316058
97517.8705239
77334.6069545
52422.2988209
61561.2749221
122603.155687
121209.074841
51321.7247549
59590.4647149
134272.756117
128221.623347
58057.214195
62476.6715552
134155.864244
138228.716068
54342.1924547
40368.1264532
56850.7158593
49633.0115461
44396.8692401
54278.0142896
68769.1248843
49245.5227289
70269.3393978
43645.4948842
72263.168545
69033.0099341
50081.4308015
35246.5435981
67775.5349621
63842.3158762
54592.6594857
42120.3127269
46695.8543426
47764.2867712
39671.7955428
43111.2365
45132.4042288
43566.831516
36838.8215843
38942.4938333
46645.7204067
51755.4900866
34704.4049266
45762.8057105
44698.7573721
48331.6652766
37383.3084956
48368.2587443
32654.8416522
32281.6623695
54173.1587708
45003.6517175
25897.8359143
28039.0688168
35967.2038662
55509.9269256
28505.1260242
28741.5167474
43816.7174427
50106.1974492
26403.5475692
43011.3556428
67451.4343378
68597.1736364
52563.8592566
49690.3219963
72244.8494202
71992.2433752
57799.8572243
55066.2320684
67748.8418941
68150.0776763
70420.0154424
61615.8941407
69373.5783365
69091.5714384
129433.284174
60296.6289649
41109.4586882
52106.369683
61944.3846516
32622.3854112
40573.0111507
49121.4789918
62947.5154756
32112.3089722
37630.5309551
42324.7653989
66314.7802859
35864.6676778
39394.450424
49813.7369518
65453.3649565
40334.4292724
58953.1197142
43653.1015074
39988.1815287
49152.7443196
62895.1830478
34001.6002412
40700.1422408
50905.5778786
60356.6279775
36228.1061696
43857.2677131
47361.1361941
63357.7025275
43374.0834171
42523.7776584
51945.0393654
33806.3700729
37299.3159178
30239.2507089
46369.5081552
28622.6781299
31417.9686154
25991.0536358
43274.8932493
31666.3456042
34549.2588071
30099.1264454
34431.9028937
28477.1246239
33213.6508477
27157.8909098
26094.0062458
46487.3552422
38910.1337152
51492.3844122
49938.0919153
53495.3406189
49831.5377306
58935.6059827
51427.530359
58222.9031207
56517.3051135
58704.6610475
55334.899522
51616.4718849
57875.45018
59465.8948655
55594.0046484
75861.0502572
42718.4723919
82918.3631932
47138.3362544
57481.4727844
57419.6244196
76513.0252081
49920.5038164
59159.1128958
62198.5492004
74051.5993287
49448.0416529
60465.1982126
62999.2291084
78555.3010341
49008.0168596
57625.9981976
64428.4116507
88323.3649125
44451.2618125
66468.5442051
35185.5203922
32336.8665366
41311.2524512
68955.0338527
27367.1829309
28029.8129881
53504.2385907
61258.6347994
30936.1281239
29433.2423914
47235.7727483
55486.0853825
28164.3550907
29325.2913768
74834.6872224
36860.9924838
39516.0601836
30883.6496633
44884.4289723
29211.0137267
35253.6943678
24906.1211979
39012.179093
44486.5421676
28834.374625
27850.086565
33793.2782471
42116.0195495
50170.5578236
23969.7068734
37912.4354247
