0.03273080065359477
0.045739850427350424
0.023300438596491228
0.023871527777777776
0.03415057588075881
0.053742851307189546
0.02646510840108401
0.026264245014245013
0.044768258426966294
0.050235933048433046
0.02653071205007825
0.028081074297188754
0.039544753086419755
0.049641927083333336
0.025891426282051284
0.027164152298850573
0.032769097222222224
0.0405982905982906
0.01834753787878788
0.019097222222222224
0.02443576388888889
0.04842836257309942
0.019055886243386243
0.01928777100271003
0.035748106060606064
0.05192752849002849
0.019764142953929538
0.01957720588235294
0.021494708994708994
0.05437320402298851
0.019621048850574713
0.01967102165725047
0.05268429487179487
0.05435363247863248
0.034505208333333336
0.05376157407407407
0.062195007507507505
0.05940315315315315
0.03720908408408408
0.05674913194444445
0.05417106188466948
0.07443047086720868
0.03900136932707355
0.03980034722222222
0.04121056967984934
0.06823192239858906
0.03875
0.0419255604288499
0.10810630341880342
0.10089476495726496
0.0710177951388889
0.06839037698412699
0.10623468137254902
0.13900945216049382
0.07636604532163743
0.07554309116809117
0.10025518741633199
0.14662143640350878
0.07863136574074074
0.07789210704607046
0.0896745527306968
0.14290364583333334
0.07734375
0.07808366402116403
0.03431372549019608
0.036631944444444446
0.012902462121212122
0.013647762345679012
0.054301697530864196
0.05284288194444445
0.011957908163265306
0.013528963414634146
0.04734316479400749
0.05775122549019608
0.010465988005050506
0.0159984657622739
0.05060253267973856
0.047844328703703705
0.01025390625
0.01495949074074074
0.037272135416666664
0.04787660256410257
0.019728535353535352
0.022507440476190476
0.034562317251461985
0.05659722222222222
0.020227713178294575
0.020854001322751323
0.036842914908579466
0.0600440379403794
0.021701388888888888
0.021184689153439153
0.03397389846743295
0.05965216861598441
0.02086089065255732
0.020763328853046596
0.025335307734204792
0.03806089743589743
0.06212797619047619
0.03831018518518518
0.038657407407407404
0.06430844907407407
0.09815880847953216
0.04048514660493827
0.04068130630630631
0.07500439521800281
0.0695281124497992
0.041756854256854256
0.041978276353276354
0.07279065860215053
0.08026883417508418
0.0426002358490566
0.041467440801457194
0.07005457365664845
0.08273940058479533
0.11772168803418803
0.1008572048611111
0.09508101851851852
0.0780076951951952
0.1440058479532164
0.1261999591503268
0.13239020270270271
0.08315737612612613
0.15327045795795796
0.08355654761904761
0.15212391774891776
0.0817579732510288
0.14898989898989898
0.08112847222222222
0.1438535575048733
0.029054330065359478
0.026537698412698412
0.011145833333333334
0.012297453703703705
0.03076550387596899
0.03610220797720798
0.01105324074074074
0.011115345528455285
0.036640019379844964
0.049479166666666664
0.011169678714859438
0.011541193181818182
0.031979669887278586
0.04183201058201058
0.010954034391534391
0.01112689393939394
0.015731996907444222
0.02309027777777778
0.06071820175438596
0.01984126984126984
0.021143353174603176
0.02283653846153846
0.0658986581920904
0.021176518087855298
0.021375868055555556
0.028924468449931413
0.0220507283197832
0.02177734375
0.022310550682261208
0.05848007605820106
0.021416780510018215
0.021892655367231638
0.0661560124864278
0.031734107905982904
0.03009597287123572
0.05396412037037037
0.08473557692307693
0.039663461538461536
0.03962053571428571
0.07956349206349206
0.10654105392156862
0.04390533625730994
0.04212239583333333
0.07340142496392496
0.08495670995670995
0.0437315867003367
0.06887607473544974
0.0856381704980843
0.10507886064030132
0.043491354875283446
0.06303530092592592
0.06873544254658386
0.09924768518518519
0.12072649572649573
0.10914351851851851
0.11925747863247864
0.08621903153153153
0.1546474358974359
0.1360501126126126
0.14710022522522523
0.09377411265432099
0.1623606542397661
0.15906460437710437
0.14487737341772153
0.08896072796934866
0.15718005952380953
0.15013667257683216
0.15791377314814814
0.02241625816993464
0.025347222222222222
0.011360205314009662
0.015094521604938271
0.025297619047619048
0.031101795392953928
0.011096014492753624
0.012194113756613757
0.03165964419475655
0.03413280178326475
0.01165410756501182
0.011756258573388204
0.02296902557319224
0.030815972222222224
0.011902660075329566
0.01185393897996357
0.02795138888888889
0.030629960317460316
0.02266081871345029
0.027219742063492064
0.024617165242165243
0.02436907181571816
0.02284564393939394
0.023372395833333334
0.02764656007751938
0.023723189170182842
0.0234375
0.0245850988700565
0.02288773148148148
0.02333622685185185
0.030374124124124123
0.048344017094017096
0.0797275641025641
0.0431712962962963
0.045606303418803416
0.05039173789173789
0.10754243827160494
0.04542824074074074
0.04532163742690058
0.08656881313131314
0.10565794159544159
0.0461201690821256
0.04682990620490621
0.06954571759259259
0.1335136217948718
0.045877659574468085
0.04602141203703704
0.07570684523809523
0.12706997863247863
0.10042735042735043
0.07269965277777778
0.08731748575498575
0.14559461805555557
0.13179563492063492
0.08685661764705882
0.09173418209876544
0.10984078590785908
0.16811708860759494
0.09032709911616162
0.09001736111111111
0.09551411290322581
0.15325797872340424
0.08899119543650794
0.03784722222222222
0.04233440170940171
0.014568236714975846
0.014961192810457517
0.04931766795865633
0.060267857142857144
0.012017746913580247
0.013971560846560847
0.05129602713178295
0.055338541666666664
0.012258873456790123
0.012346615426105717
0.03960129310344827
0.06571180555555556
0.01233974358974359
0.012757786195286195
0.02824074074074074
0.022665895061728395
0.030582264957264956
0.025888480392156864
0.024220867208672087
0.024305555555555556
0.025
0.06145234674329502
0.025242141812865496
0.025520833333333333
0.03172210038986355
0.04046258960573477
0.02463699494949495
0.033662900188323915
0.05685763888888889
0.04420882936507937
0.04392361111111111
0.05376157407407407
0.08294753086419752
0.07332785087719298
0.047526041666666664
0.06219618055555556
0.06335692663817664
0.08516135620915033
0.04849622140522876
0.06804470486111111
0.07571539750957855
0.08676141713747645
0.04795564058956916
0.049060639880952384
0.02826003086419753
0.027522467320261437
0.007638888888888889
0.016644021739130436
0.029178503787878788
0.03138020833333333
0.006925154320987654
0.014756944444444444
0.018546747967479675
0.03257646691635456
0.007050304878048781
0.006799768518518518
0.02623895202020202
0.029961480034722224
0.006700965447154471
0.012193467881944444
0.01411111111111111
0.006618322080075812
0.04616970486111111
0.04740918803418803
0.02141203703703704
0.036275584795321635
0.05406746031746032
0.05630630630630631
0.021846064814814815
0.036839430894308946
0.05228298611111111
0.0611132283197832
0.0243619227994228
0.035955255681818184
0.05440748207885305
0.062254050925925924
0.028792961393596987
0.037956429211469536
0.019972993827160494
0.02703373015873016
0.029246794871794872
0.025904605263157895
0.024074074074074074
0.02531828703703704
0.02796832655826558
0.02540650406504065
0.026236979166666667
0.026415260196905765
0.04886055236270753
0.0263373778998779
0.026417525773195876
0.025824652777777776
0.04496527777777778
0.025843689083820662
0.02594039351851852
0.026298415492957746
0.030125694444444445
0.04079861111111111
0.040674603174603176
0.042881944444444445
0.043464781746031744
0.049479166666666664
0.047309027777777776
0.04851190476190476
0.05130430911680912
0.051515758547008544
0.07135611735330837
0.05226370851370851
0.05227623456790124
0.051290110153256706
0.059667397660818716
0.052835648148148145
0.0516044061302682
0.024101307189542485
0.03211805555555555
0.014146090534979424
0.01595568783068783
0.023585704607046072
0.03463753387533875
0.015052872474747474
0.01816998106060606
0.023366844315245477
0.04142992424242424
0.01169127988748242
0.017132173382173384
0.021036783854166668
0.03756062610229277
0.012777168615984406
0.015070013661202185
0.039496527777777776
0.046068948412698416
0.019290123456790122
0.029861111111111113
0.02555717054263566
0.05637792397660819
0.014973958333333334
0.034267526455026454
0.04336622807017544
0.05285611449864499
0.014636381172839507
0.03196022727272727
0.031575520833333336
0.05499751984126984
0.015423487103174604
0.035576923076923075
0.029327876984126984
0.030071924603174604
0.02769097222222222
0.02980324074074074
0.028757122507122507
0.027502540650406505
0.02719184027777778
0.02760840108401084
0.028133903133903133
0.026336984536082474
0.028211805555555556
0.02839781746031746
0.027994791666666668
0.027503654970760235
0.027622767857142856
0.02847740464344942
0.046808226495726496
0.04383680555555555
0.045882936507936505
0.051703559027777776
0.05439814814814815
0.05009920634920635
0.05352247807017544
0.05524394586894587
0.05493097899728997
0.05073890582655827
0.055769596651445964
0.05514322916666667
0.054330065359477125
0.05062676553672316
0.054108796296296294
0.055609809027777776
0.015711805555555555
0.021749614197530864
0.008519804526748971
0.013099747474747474
0.019846906565656564
0.023578811369509043
0.0071059431524547806
0.007129137115839243
0.02150504298941799
0.031146660052910054
0.007498744979919678
0.007602640415140415
0.019373421717171716
0.026831985903814262
0.007194562146892655
0.007653560250391237
0.05023148148148148
0.053084935897435896
0.016010802469135804
0.024918300653594773
0.05503015350877193
0.06612540849673203
0.014801460113960115
0.025520833333333333
0.05747126436781609
0.05983231707317073
0.014431423611111112
0.0185598544973545
0.05709134615384615
0.07437434486373165
0.014646464646464647
0.024439102564102564
0.014489311025094431
0.031994047619047616
0.05133928571428571
0.027522467320261437
0.02806712962962963
0.030827702702702704
0.042640582655826556
0.02904810298102981
0.029578993055555555
0.03308823529411765
0.02873156721536351
0.029525017806267807
0.030449585137085136
0.0330188679245283
0.028645833333333332
0.028935185185185185
0.029711866471734894
0.04743303571428571
0.043536324786324784
0.049247685185185186
0.053009259259259256
0.056671626984126984
0.0541015625
0.05677083333333333
0.05742521367521367
0.059137658227848104
0.094921875
0.057628524046434496
0.060989357864357864
0.05861659356725146
0.05992629142300195
0.057958209325396824
0.05806992337164751
0.01653874269005848
0.02364174836601307
0.008262602880658436
0.009052579365079366
0.018134812801932368
0.02058849715099715
0.007623792270531401
0.008101851851851851
0.021006944444444446
0.030776515151515152
0.00791227650063857
0.008282271241830065
0.01872895622895623
0.027882996632996634
0.007698656648451731
0.007912112932604735
0.013946109942340657
0.03379991319444445
0.03658234126984127
0.017119984567901234
0.02287581699346405
0.039724963450292396
0.0455199864498645
0.014973958333333334
0.022273516414141416
0.04009789156626506
0.046090612449799194
0.01567729250334672
0.0240786773989899
0.03854755178907721
0.04636518959435626
0.015146072796934865
0.023177083333333334
0.021625905797101448
0.045882936507936505
0.03968253968253968
0.030327690972222224
0.029456018518518517
0.0531859984984985
0.03267264660493827
0.030760327635327635
0.03142361111111111
0.05900607638888889
0.04000557270233196
0.031684027777777776
0.03375137061403509
0.052831657088122604
0.03136252572016461
0.030782585470085472
0.031609195402298854
0.05019881272401434
0.055431547619047616
0.05803571428571429
0.05189732142857143
0.05524553571428571
0.05977527006172839
0.05580039173789174
0.059942755255255255
0.058424961419753084
0.06254286694101509
0.06253472222222223
0.06148313492063492
0.06507120253164557
0.06653645833333334
0.0573525828460039
0.06076388888888889
0.06027655945419103
0.08814767057713054
0.09712966702566864
0.036078559027777776
0.030653211805555556
0.009745896464646464
0.013020833333333334
0.041828165374677005
0.04139046717171717
0.00816385582010582
0.008942990956072351
0.044689894636015325
0.041758578431372546
0.00869088955026455
0.009293300653594771
0.03956778606965174
0.040705128205128206
0.008695784600389864
0.008310564663023679
0.03569240196078431
0.040116567460317464
0.018031881313131312
0.01884191176470588
0.04068130630630631
0.04641927083333333
0.015625
0.02101501937984496
0.033585482804232805
0.04862044504181601
0.01636029411764706
0.016400049603174604
0.04591625207296849
0.04694615209471767
0.016176146384479718
0.01669973544973545
0.04716435185185185
0.056824252136752136
0.03027982026143791
0.033234126984126984
0.07333896396396396
0.06937591374269006
0.03205453929539295
0.03860562865497076
0.07786779835390946
0.07528235653235653
0.033232451201201205
0.03321454678362573
0.0794651559454191
0.0646186440677966
0.03288966049382716
0.03451624293785311
0.08193108974358974
0.06383547008547008
0.09350198412698413
0.08761160714285714
0.06197459795321637
0.06169704861111111
0.11865079365079365
0.1017156862745098
0.09215494791666666
0.06221431082981716
0.1216171364379085
0.0989345509893455
0.07789351851851851
0.06597222222222222
0.12035778985507246
0.06498443486590039
0.023292824074074073
0.028182870370370372
0.017035590277777776
0.019799933862433863
0.025088922764227643
0.031141493055555556
0.017159237726098193
0.018128229974160207
0.02716807208994709
0.0335841049382716
0.01536968954248366
0.018368853767560665
0.025278829966329967
0.034669612794612795
0.011406063321385902
0.017716224747474748
0.0417687908496732
0.03871527777777778
0.01597222222222222
0.03173828125
0.04719480994152047
0.04858940972222222
0.016937669376693765
0.03448350694444444
0.05507918360433604
0.05804327574525745
0.017162399598393573
0.037733624828532236
0.056679758652094715
0.051472981770833336
0.017267628205128206
0.03016848816029144
0.034102182539682536
0.05834573412698413
0.03298611111111111
0.03311011904761905
0.033984375
0.0887015716374269
0.033994932432432436
0.03421029202279202
0.03650067750677507
0.09692938420348059
0.034777866809116806
0.04471628289473684
0.0353695856873823
0.06969887452107279
0.03428000524109015
0.03440393518518518
0.09437003968253968
0.0936832264957265
0.09108796296296297
0.060300925925925924
0.12647804054054054
0.12502225783475784
0.11033950617283951
0.06735220797720798
0.11393785612535613
0.11360970345345345
0.11301632395382395
0.0946875
0.1328280009920635
0.1264520202020202
0.10860521488469602
0.12471064814814815
0.035590277777777776
0.05608603395061729
0.01945891203703704
0.02189429012345679
0.037905092592592594
0.050347222222222224
0.01903370596205962
0.022950542005420054
0.0357921511627907
0.04486025377229081
0.020086146272855133
0.024080882352941178
0.038278449820788533
0.04573137125220458
0.019339139344262294
0.02370787795992714
0.031838959212376935
0.05686106182089029
0.024710648148148148
0.04954117063492063
0.017100694444444446
0.017198350694444444
0.030764910130718956
0.05022321428571429
0.017932757452574527
0.017990451388888887
0.035703012265512264
0.055578399122807015
0.01844088753387534
0.018668552812071332
0.03410859674329502
0.055136494252873564
0.019296448087431695
0.0183271729390681
0.024493505084325396
0.055422008547008544
0.038318452380952384
0.053943452380952384
0.058469742063492064
0.06635802469135803
0.038740079365079366
0.07026427469135803
0.06886574074074074
0.05581701807228916
0.04842285809906292
0.06743309620596206
0.07247121710526316
0.06174447016460905
0.0466869212962963
0.07075617283950618
0.07191758385744235
0.04249536453960257
0.08525545634920635
0.09081196581196581
0.10695684523809523
0.06377314814814815
0.11301601080246913
0.11046563390313391
0.13189183501683502
0.07155593093093093
0.07478181306306306
0.13029852092352093
0.12123081140350878
0.09795947488584475
0.08551108674463938
0.07367219650205761
0.14142754192872117
0.0746380649717514
