440
440
440
440
440
440
440
440
440
440
440
440
440
440
440
440
440
440
440
440
440
440
880
880
880
880
880
880
880
880
880
880
880
880
880
880
880
880
880
880
880
880
880
880
1760
1760
1760
1760
1760
1760
1760
1760
1760
1760
1760
1760
1760
1760
1760
1760
1760
1760
466.16
466.16
466.16
466.16
466.16
466.16
466.16
466.16
466.16
466.16
466.16
466.16
466.16
466.16
466.16
466.16
466.16
466.16
466.16
466.16
932.32
932.32
932.32
932.32
932.32
932.32
932.32
932.32
932.32
932.32
932.32
932.32
932.32
932.32
932.32
932.32
932.32
932.32
932.32
932.32
932.32
1864.64
1864.64
1864.64
1864.64
1864.64
1864.64
1864.64
1864.64
1864.64
1864.64
1864.64
1864.64
1864.64
1864.64
1864.64
1864.64
493.88
493.88
493.88
493.88
493.88
493.88
493.88
493.88
493.88
493.88
493.88
493.88
493.88
493.88
493.88
493.88
493.88
493.88
493.88
493.88
987.76
987.76
987.76
987.76
987.76
987.76
987.76
987.76
987.76
987.76
987.76
987.76
987.76
987.76
987.76
987.76
987.76
987.76
987.76
987.76
1975.52
1975.52
1975.52
1975.52
1975.52
1975.52
1975.52
1975.52
1975.52
1975.52
1975.52
1975.52
1975.52
1975.52
1975.52
1975.52
261.64
261.64
261.64
261.64
261.64
261.64
261.64
261.64
261.64
261.64
261.64
261.64
261.64
261.64
261.64
261.64
261.64
261.64
261.64
261.64
261.64
523.28
523.28
523.28
523.28
523.28
523.28
523.28
523.28
523.28
523.28
523.28
523.28
523.28
523.28
523.28
523.28
523.28
523.28
523.28
523.28
523.28
523.28
1046.56
1046.56
1046.56
1046.56
1046.56
1046.56
1046.56
1046.56
1046.56
1046.56
1046.56
1046.56
1046.56
1046.56
1046.56
1046.56
1046.56
1046.56
2093.12
2093.12
2093.12
2093.12
2093.12
2093.12
2093.12
2093.12
2093.12
2093.12
2093.12
2093.12
2093.12
2093.12
2093.12
2093.12
2093.12
277.2
277.2
277.2
277.2
277.2
277.2
277.2
277.2
277.2
277.2
277.2
277.2
277.2
277.2
277.2
277.2
277.2
277.2
277.2
554.4
554.4
554.4
554.4
554.4
554.4
554.4
554.4
554.4
554.4
554.4
554.4
554.4
554.4
554.4
554.4
554.4
554.4
554.4
554.4
554.4
1108.8
1108.8
1108.8
1108.8
1108.8
1108.8
1108.8
1108.8
1108.8
1108.8
1108.8
1108.8
1108.8
1108.8
1108.8
1108.8
1108.8
1108.8
1108.8
2217.6
2217.6
2217.6
2217.6
2217.6
2217.6
2217.6
2217.6
2217.6
2217.6
2217.6
2217.6
2217.6
2217.6
2217.6
2217.6
293.68
293.68
293.68
293.68
293.68
293.68
293.68
293.68
293.68
293.68
293.68
293.68
293.68
293.68
293.68
293.68
293.68
293.68
293.68
587.36
587.36
587.36
587.36
587.36
587.36
587.36
587.36
587.36
587.36
587.36
587.36
587.36
587.36
587.36
587.36
587.36
587.36
587.36
587.36
1174.72
1174.72
1174.72
1174.72
1174.72
1174.72
1174.72
1174.72
1174.72
1174.72
1174.72
1174.72
1174.72
1174.72
1174.72
1174.72
1174.72
2349.44
2349.44
2349.44
2349.44
2349.44
2349.44
2349.44
2349.44
2349.44
2349.44
2349.44
2349.44
2349.44
2349.44
2349.44
2349.44
311.12
311.12
311.12
311.12
311.12
311.12
311.12
311.12
311.12
311.12
311.12
311.12
311.12
311.12
311.12
311.12
311.12
311.12
311.12
311.12
622.24
622.24
622.24
622.24
622.24
622.24
622.24
622.24
622.24
622.24
622.24
622.24
622.24
622.24
622.24
622.24
622.24
622.24
622.24
622.24
622.24
622.24
1244.48
1244.48
1244.48
1244.48
1244.48
1244.48
1244.48
1244.48
1244.48
1244.48
1244.48
1244.48
1244.48
1244.48
1244.48
1244.48
1244.48
1244.48
2488.96
2488.96
2488.96
2488.96
2488.96
2488.96
2488.96
2488.96
2488.96
2488.96
329.64
329.64
329.64
329.64
329.64
329.64
329.64
329.64
329.64
329.64
329.64
329.64
329.64
329.64
329.64
329.64
329.64
329.64
329.64
329.64
329.64
329.64
329.64
659.28
659.28
659.28
659.28
659.28
659.28
659.28
659.28
659.28
659.28
659.28
659.28
659.28
659.28
659.28
659.28
659.28
659.28
659.28
659.28
1318.56
1318.56
1318.56
1318.56
1318.56
1318.56
1318.56
1318.56
1318.56
1318.56
1318.56
1318.56
1318.56
1318.56
1318.56
1318.56
1318.56
1318.56
2637.12
2637.12
2637.12
2637.12
2637.12
2637.12
2637.12
2637.12
349.24
349.24
349.24
349.24
349.24
349.24
349.24
349.24
349.24
349.24
349.24
349.24
349.24
349.24
349.24
349.24
349.24
349.24
349.24
349.24
349.24
698.48
698.48
698.48
698.48
698.48
698.48
698.48
698.48
698.48
698.48
698.48
698.48
698.48
698.48
698.48
698.48
698.48
698.48
698.48
698.48
1396.96
1396.96
1396.96
1396.96
1396.96
1396.96
1396.96
1396.96
1396.96
1396.96
1396.96
1396.96
1396.96
1396.96
1396.96
1396.96
1396.96
2793.92
2793.92
2793.92
2793.92
370.0
370.0
370.0
370.0
370.0
370.0
370.0
370.0
370.0
370.0
370.0
370.0
370.0
370.0
370.0
370.0
370.0
370.0
370.0
370.0
740.0
740.0
740.0
740.0
740.0
740.0
740.0
740.0
740.0
740.0
740.0
740.0
740.0
740.0
740.0
740.0
740.0
740.0
740.0
740.0
740.0
740.0
740.0
1480.0
1480.0
1480.0
1480.0
1480.0
1480.0
1480.0
1480.0
1480.0
1480.0
1480.0
1480.0
1480.0
1480.0
1480.0
1480.0
1480.0
1480.0
1480.0
392.0
392.0
392.0
392.0
392.0
392.0
392.0
392.0
392.0
392.0
392.0
392.0
392.0
392.0
392.0
392.0
392.0
392.0
392.0
784.0
784.0
784.0
784.0
784.0
784.0
784.0
784.0
784.0
784.0
784.0
784.0
784.0
784.0
784.0
784.0
784.0
784.0
784.0
784.0
784.0
1568.0
1568.0
1568.0
1568.0
1568.0
1568.0
1568.0
1568.0
1568.0
1568.0
1568.0
1568.0
1568.0
1568.0
1568.0
1568.0
1568.0
1568.0
1568.0
415.32
415.32
415.32
415.32
415.32
415.32
415.32
415.32
415.32
415.32
415.32
415.32
415.32
415.32
415.32
415.32
415.32
415.32
415.32
415.32
830.64
830.64
830.64
830.64
830.64
830.64
830.64
830.64
830.64
830.64
830.64
830.64
830.64
830.64
830.64
830.64
830.64
830.64
830.64
830.64
1661.28
1661.28
1661.28
1661.28
1661.28
1661.28
1661.28
1661.28
1661.28
1661.28
1661.28
1661.28
1661.28
1661.28
1661.28
1661.28
1661.28
1661.28
1661.28
