80886.7762029
97983.5535923
156572.919797
229364.262183
81858.3956364
61665.5268332
68302.0189341
79040.0308691
158828.289339
97799.2934553
57830.2210122
61483.3684902
89230.0097434
127072.53943
110650.707276
51012.7537116
65666.8321326
87400.6902639
145491.218146
111690.362941
41950.7647849
91710.9490664
72974.2765313
118938.025064
105962.103151
125792.446373
102126.09786
53570.6852582
83417.2086436
70487.5623714
94832.4490966
68753.5140328
47966.0458592
60347.9167021
71877.4575236
89446.4143952
62111.1707545
49148.7396326
51360.615908
80915.5884999
91011.9329751
64330.6656664
105620.23563
79455.8308698
143482.32794
93351.490965
61168.8260989
55167.6413135
77724.8218764
59203.1660725
52257.9478944
51712.5256094
42354.4917065
48083.9680858
48870.2430554
51867.3035971
62060.387952
64620.4964443
49559.0262206
56922.279926
69167.6705975
51922.1963689
77218.1356531
103877.883893
145405.677658
126014.894073
86393.7540941
60674.042959
75154.9200258
82694.2211876
116439.236468
85718.4879904
44017.005697
58511.9473143
81538.6449582
118342.409154
108475.615879
52628.0803135
65301.9894786
75029.1665048
113586.724957
98533.3372257
116476.807209
124292.326216
122434.895667
115001.024089
92665.6325517
81634.6623151
86144.5357348
55838.5921171
108989.783888
78375.162513
78208.5319729
79756.7152699
48421.4261519
92519.7076248
78113.9743478
84642.8174369
81457.8626294
46761.4572473
99101.5230308
79956.5387337
96126.2722302
71525.2050651
68689.6339388
116842.833333
60869.7088729
100157.258577
64449.003937
98410.6430651
69051.2972831
53377.9739011
53406.6500946
74708.9693499
62546.2114125
52654.4623071
72516.5851983
75392.2151371
60802.6382812
93384.879406
94297.4850808
89363.2437847
142550.296256
84480.162364
65784.7335963
92479.2018764
107562.241992
136339.845646
73650.0400181
66079.1130087
73413.6295801
97818.0147536
125391.982899
105665.997948
65232.1993971
90212.8002891
96234.4878892
113832.389035
91383.3129126
90314.8336376
89367.8349356
146249.763295
99552.5711979
113244.904757
72956.2134887
60973.7095479
112441.722558
112448.963261
83514.128445
81398.6535076
81781.7779833
71390.3491752
74373.354097
74930.942808
59823.0178681
81062.7838979
128677.503072
69459.9691261
74235.1579131
82197.4488118
124884.050597
66670.0935916
53784.0129407
59193.0453878
50619.8340887
77001.9701061
57613.9061798
53479.3496995
72734.4072874
65207.9402683
62341.4654274
44856.9468371
60428.2051236
60776.03225
59244.8219347
78759.5211676
108501.94162
149684.197739
267767.627303
195516.645914
77903.7993751
81776.9999319
114517.345802
287243.885406
226073.844296
66185.7547095
78810.0342393
121935.358696
283718.850922
174872.189526
70704.9137435
81591.4225244
130244.02599
290814.693434
198412.401084
102267.219916
116218.07897
127454.998484
107933.321897
153139.852023
67793.9166819
67203.3639982
86222.8555506
89123.0203126
104961.863941
102550.911531
64517.6942515
86855.6096953
92220.5791498
126464.894022
100757.638552
53116.7574515
94133.8780329
100900.284013
132202.591664
104584.176967
142393.968906
136495.125842
83528.5616686
113448.351238
98895.6310211
155931.046837
103628.603741
61238.9832006
89353.1967835
66939.8294016
154731.421786
98395.8946397
66079.766265
72820.0173778
77647.4401602
67583.073779
73856.3632313
68728.0393084
70653.667817
82194.916135
61890.6309632
58388.1730347
96762.2211857
67535.4230275
55701.3018698
59205.5811714
78653.594512
59401.2895417
52326.0247659
75108.1588197
69094.7336865
80488.5834662
48936.0436202
62734.2426426
69378.372793
58430.3556641
47757.297105
103932.907764
133251.377
86017.8741885
354558.056229
191221.004072
73788.0535034
67186.665396
77239.3399469
363705.748635
142490.151195
66256.8529274
70020.5423577
97028.2095648
149264.715081
73039.4402644
79128.1557567
91750.9465254
269917.829763
160801.785756
114796.864754
97390.0550984
147877.795798
107924.468598
122025.104277
87223.0786214
112813.46287
95699.4067284
136508.057094
83315.0043667
88256.3018758
75704.5691567
87931.9977112
117061.378697
99540.9129667
95205.757123
75576.0477944
86133.207769
109746.129043
88559.7367007
114182.275743
53481.0742887
104572.860632
99928.7046851
96825.0445859
100299.141979
64157.5914412
72986.3183093
58189.1257587
89937.1102056
56545.0446188
62002.3187335
65891.8183743
61356.6454379
56249.2278592
70652.6418599
60207.372417
103478.104279
59145.9212062
101171.074872
85207.4874772
38829.3200521
55168.5465906
61069.8088498
63167.9634121
59790.2042052
47070.1974902
68367.906143
58511.7188784
72420.2895358
71519.6833567
70527.2252218
59271.552562
63598.4113603
59331.223827
58959.1950997
77185.2963472
73191.8821199
81334.4886922
286121.021085
105340.207883
71792.7921528
68027.2844897
89998.3138733
216097.480029
141296.085414
62863.4860205
70822.6966022
67006.4407554
158178.380295
67804.2014709
79820.0806128
82838.5038922
252336.951836
132931.136151
85622.7692861
79399.8724521
75854.4637211
117364.439444
65417.6587814
69579.9778887
60426.5072668
74373.2792811
131463.028056
97458.1997248
56824.0663933
57388.0304998
76241.4437051
100362.687821
61050.1480009
58725.2372926
86682.9222388
118275.361103
90634.1312701
113861.265764
104821.606777
79184.2003122
71206.0073496
57670.7373429
60860.0511422
51277.7849831
55902.4882049
41931.5977924
67905.1043855
51076.7135441
52786.0168394
45709.0089007
54588.1790633
46681.793303
59677.2463504
44212.6355367
55924.6583941
87019.3348603
78204.6407105
64989.6221281
104401.225741
48803.0986998
51380.8039297
53405.7198909
68382.8411114
51268.2920806
42787.0242018
63668.7522953
59331.9451501
57998.0640278
46809.3010721
68433.554418
62934.8080647
97416.2766048
84099.7357373
75237.3818215
328040.310619
100975.403365
71326.6404829
75735.5211565
83938.2452833
303361.305056
82096.9347905
54871.911463
70670.5054597
80515.5260568
103716.105477
55844.203307
72309.7904591
87761.5969872
289592.360513
105115.124995
90930.2774003
97875.8843239
114988.640024
75062.9170396
280166.047791
131737.701395
60795.5768657
63330.7031336
84901.2692222
117294.206523
87238.1826889
88238.6882666
67049.2477186
94509.7307586
125475.859191
83785.1400052
82020.6651474
67349.8231892
85889.7524348
138246.243526
76476.6860241
127503.573911
85754.3039751
98498.7116463
51982.1607192
67539.2278742
42824.0173105
54556.2175305
51487.103511
64568.891895
41735.55606
54777.1745594
47801.5310491
53031.5275947
51547.8880396
55723.8601738
46058.4624357
57359.9478195
47413.4231921
69416.1548787
64769.0352958
78317.5778298
88923.808194
56791.9825682
48107.0863797
72510.2992683
45244.6308573
46575.1861496
44242.5648597
45525.0233375
44610.9308366
82809.587848
117062.574385
75257.9381419
222088.001238
163477.816778
68081.3049268
74794.665378
99785.544567
208451.595391
125626.521984
52438.3080305
62873.7457117
76644.484868
238757.733039
150002.88684
71798.9144148
66468.6291408
76264.7576019
187247.059377
139461.201217
89488.6852037
76603.71504
243531.586903
81849.2399633
92187.8263646
105784.600112
106555.975359
77066.6580188
73154.5766111
93065.8835371
73972.5393645
82016.2961602
86340.7656985
82738.6928286
77704.0397154
81637.9960594
86278.6741749
73015.9692334
80115.56099
99523.0793465
80119.6944423
64432.9927062
121655.413243
82462.7426592
61942.2457828
73638.6535559
74112.1506806
52667.1266339
38247.9689812
48826.8255038
42740.7146981
47246.7358152
48261.9870912
50033.3711854
41961.3895615
81804.6873384
49749.7647637
49344.9696256
40607.4839713
71717.3471902
43602.0378043
73140.7763441
61139.6518846
54776.5479477
52883.3736191
47267.0962565
46249.5630277
48798.3653697
43006.4598856
87776.5342128
124550.843915
122700.966038
310704.564032
93357.3562103
71301.2242152
79720.7903639
92202.6008935
210244.634196
98286.3673425
54975.8611561
52850.4722044
86444.944274
266062.136703
110891.41722
59421.8376567
70359.9525005
88696.5824264
245433.060715
98676.9907534
98130.3222056
100543.336178
98891.3421382
77048.7183341
335148.279859
82701.3492595
77780.5263184
86079.4762873
87750.865524
147099.749236
82484.3710031
93358.0832585
79838.5086149
49501.2570173
107721.876698
49457.2691699
80028.6819911
83410.4065662
67840.4392801
206522.735007
64455.4045129
72012.5162822
49015.5846864
54900.1956007
62195.9687218
50823.8757272
48904.1152402
44207.6631645
39758.5918442
47892.0984094
37312.8707978
45794.4873754
45313.6539705
49686.3975447
46946.4533027
47096.1202668
45726.1603084
47180.6200589
63608.6659412
47791.0005224
46877.3677213
49356.0642158
87242.7890686
103191.043298
109006.037688
243574.932088
147461.009187
57108.767184
83300.5127205
95895.0436576
198923.544004
114862.054321
54722.5666373
61940.2129446
78497.4535281
138156.201314
55895.4663848
68832.4688803
79752.7800378
237223.126358
116181.024748
111615.391968
102520.303997
87005.4966132
84897.4630016
91581.807008
118156.967991
72407.1237475
73487.743075
61771.8718831
110646.570229
58506.9256687
81023.2159363
72053.037567
64892.2974658
100743.011372
49415.396314
86205.3740661
83719.0928466
72651.8181815
131122.753992
63250.6731907
88943.1994489
89599.9963096
117204.677404
110242.820387
57185.218187
55705.5841255
52452.5585005
74525.4584289
66271.9310524
48119.0578862
50093.9345729
45766.706701
59070.0752285
52024.2448632
50392.8864408
69574.238772
55029.8211417
46683.9932115
51110.1798155
47152.91781
62096.3451627
59098.7354805
76446.6546264
72435.259219
110984.971732
111959.003808
102654.053284
72785.3510762
61388.2672803
66845.3120312
207474.488406
110813.796941
60394.9951464
54772.2621619
73045.7439194
111033.109468
56510.3489938
57588.6005452
71035.4727645
171200.293006
97157.0221972
87966.4700763
105526.591705
89809.8320311
80314.5487269
88376.5133964
54925.7271946
81990.2669809
74032.8600204
134214.147608
62219.8547238
41583.9023728
85957.0829462
75152.5472587
98054.8201038
70778.0398673
48347.8553698
84125.8045998
71458.3467406
94571.7954402
78136.2032156
120031.387429
103141.192389
49711.3282617
64871.6999827
62095.2383371
108222.164841
46462.9059637
49071.5427852
59961.9046375
53845.0640628
45342.5740626
50784.5917385
58142.8018981
62041.1127614
47220.1458722
51442.5035335
58699.6360042
48769.9455328
62027.7138194
63834.3768842
96550.3978571
107468.532255
106585.079917
136956.527826
113649.149286
60176.8380832
67766.8411465
91818.7884585
231585.239977
107509.703599
64740.5697579
63178.9907467
72884.2760618
182043.71372
116028.440336
60632.6776498
63679.9315149
68050.7464987
202645.343124
119096.123592
84247.7188982
124299.008886
93514.0570276
168033.138955
93477.4331736
51158.7377314
96301.0322608
88399.1471909
88004.059952
54851.5994663
71932.9699943
72774.5726746
60674.148219
54655.7258018
42245.355788
71934.9582106
77878.5851967
204958.057199
54061.5598711
96489.2325457
153378.970479
71251.4630075
66754.706471
80840.8838653
65222.4947219
52962.471353
50923.8059582
63068.9515212
45558.7096596
47715.9442554
55622.0871
56528.9037666
62230.7369333
54064.5912792
53125.833484
63948.1376617
62608.6469192
56590.9169185
66223.1904342
