0.024429563492063492
0.017105800653594773
0.009934413580246914
0.009288194444444444
0.01809561965811966
0.03934251792114695
0.026448567708333332
0.020900106837606836
0.01579861111111111
0.016981336805555556
0.037290219907407406
0.030576508620689655
0.021341063941299792
0.017696150097465887
0.017051091269841268
0.04708672086720867
0.029533617424242424
0.02017699864498645
0.01677389705882353
0.015625
0.05251874778132765
0.023423978885427483
0.030248397435897436
0.019250408496732027
0.01893939393939394
0.02179783950617284
0.024377893518518517
0.04494900173611111
0.02993476430976431
0.03375
0.03452932098765432
0.035730286738351255
0.051493055555555556
0.04527839781746032
0.036377957818930044
0.03497753267973856
0.040943287037037035
0.05171783625730994
0.04621866531165312
0.03458516081871345
0.035852713178294575
0.038215616531165314
0.02834477360308285
0.036180555555555556
0.027879901960784315
0.034722222222222224
0.05504918981481482
0.06523771367521368
0.058491625816993464
0.060791015625
0.06722005208333333
0.07349537037037036
0.07177627995642702
0.07123567019400352
0.07155797101449275
0.07309751157407407
0.0650647095959596
0.0622375645994832
0.07029320987654321
0.07194010416666667
0.06927255225522552
0.07299998449900794
0.02554563492063492
0.015950520833333332
0.011182598039215686
0.015504436728395061
0.01569733796296296
0.037960737179487176
0.026091269841269842
0.020061728395061727
0.016092414529914528
0.018988715277777776
0.05416666666666667
0.03246832358674464
0.023469650205761316
0.018704140461215935
0.01792534722222222
0.04446373456790124
0.03135333994708995
0.024379432624113476
0.018111861861861863
0.019078752955082743
0.022435897435897436
0.021158854166666668
0.024848090277777776
0.02556818181818182
0.028645833333333332
0.03484623015873016
0.03284143518518518
0.050407088122605366
0.031183226495726496
0.038995726495726496
0.04037381796690307
0.03901515151515152
0.0639775413711584
0.0359375
0.03892299107142857
0.03783933080808081
0.03350694444444444
0.06368152006172839
0.03700657894736842
0.03772702991452991
0.028921804752729607
0.06612188697318008
0.06163194444444445
0.050347222222222224
0.06908275462962964
0.03497753267973856
0.05889625420875421
0.05560816498316498
0.07371794871794872
0.07135710922787195
0.07077991452991453
0.06782670454545454
0.0732532596371882
0.07346714092140921
0.06917438271604938
0.07793402777777778
0.07450086805555556
0.021968482905982904
0.020128038194444444
0.016292735042735044
0.013078703703703703
0.018362713675213676
0.04116263440860215
0.02228009259259259
0.01820116487455197
0.01480516975308642
0.022677951388888888
0.04303305041152263
0.030208333333333334
0.021641522988505746
0.02004142300194932
0.01983286252354049
0.0431640625
0.02332175925925926
0.019035218253968252
0.018973214285714284
0.019393150252525252
0.02806712962962963
0.037459935897435896
0.022063078703703703
0.03414351851851852
0.020905671296296297
0.04050925925925926
0.059802827380952384
0.03076171875
0.035175978535353536
0.034482758620689655
0.042534722222222224
0.041666666666666664
0.043266612200435726
0.04402858527131783
0.04338107638888889
0.0654000946969697
0.038105413105413107
0.03282828282828283
0.041666666666666664
0.03539458895311497
0.04503676470588235
0.04861111111111111
0.06647858796296297
0.07566550925925926
0.06278001792114696
0.07047526041666667
0.0627170138888889
0.07824900793650794
0.0769980506822612
0.08325718810916179
0.076667321802935
0.08479166666666667
0.07502480158730158
0.08097718253968254
0.08175712719298246
0.07672275641025642
0.03074363425925926
0.019205729166666668
0.01419890873015873
0.007316468253968254
0.009734623015873016
0.0327857905982906
0.0259796626984127
0.018074156746031748
0.009194958847736625
0.010248655913978494
0.04152715773809524
0.03073625283446712
0.01928592995169082
0.008944746376811594
0.01298983134920635
0.038552989130434784
0.02904040404040404
0.01656158625730994
0.00939429012345679
0.011107568027210885
0.026120214617169374
0.020365918803418804
0.01332720588235294
0.01461226851851852
0.013020833333333334
0.021050347222222224
0.03923051075268817
0.024631076388888888
0.02067258230452675
0.02044420498084291
0.017335580065359478
0.04692322530864197
0.025293342911877393
0.02203798185941043
0.02161001461988304
0.020269097222222223
0.053309933574879224
0.02447089947089947
0.01988058943089431
0.02131076388888889
0.018833031400966184
0.020706118295019157
0.020871251516727335
0.027644230769230768
0.022222222222222223
0.027067550505050504
0.020833333333333332
0.03314393939393939
0.040271577380952384
0.03475022401433692
0.041840277777777775
0.02642746913580247
0.03748788759689922
0.04315710167714885
0.04348028273809524
0.04003715886939571
0.041976686507936505
0.040991512345679014
0.042992862654320986
0.05037507427213309
0.042119107744107744
0.07194010416666667
0.09700520833333333
0.056206597222222224
0.09670138888888889
0.0797275641025641
0.08924171146953405
0.08450186965811966
0.09151785714285714
0.0904128086419753
0.08580043859649122
0.0880787037037037
0.08042173032407407
0.08256448412698413
0.08582668439716312
0.07755335365853659
0.08673517267267267
0.0951108239348371
0.022569444444444444
0.014919704861111112
0.02264178240740741
0.0085803952991453
0.010416666666666666
0.03420138888888889
0.03279009856630825
0.025106837606837608
0.00804759837962963
0.015277777777777777
0.03766298185941043
0.03316973824786325
0.024479166666666666
0.015691773504273504
0.03748070987654321
0.03042534722222222
0.024305555555555556
0.011662746415770609
0.015052452718676123
0.022435897435897436
0.018113425925925925
0.012369791666666666
0.017939814814814815
0.013773148148148149
0.03396617383512545
0.020100911458333332
0.019067289272030653
0.019909274193548387
0.022509578544061302
0.0333397633744856
0.03312815656565657
0.023954639479905438
0.022367571059431525
0.022677951388888888
0.028884548611111113
0.03217724116161616
0.02269000771604938
0.023196373456790122
0.022164351851851852
0.022243923611111112
0.04651331018518518
0.026120580808080808
0.022135416666666668
0.040671578590785906
0.02531828703703704
0.04204861111111111
0.03784722222222222
0.04079861111111111
0.040498130341880344
0.04225570436507937
0.04580896686159844
0.0431379472693032
0.04451195987654321
0.04401276276276276
0.040062650966183576
0.04046792328042328
0.037952527322404374
0.04391090785907859
0.03758631512868801
0.05708741830065359
0.25599747474747475
0.11868686868686869
0.1052827380952381
0.07006448412698413
0.1209993961352657
0.11853780864197531
0.08028017241379311
0.08864795918367346
0.10264756944444445
0.09177714646464646
0.09027777777777778
0.07975260416666667
0.10166170634920635
0.10733506944444444
0.10345851608187134
0.029637896825396824
0.025390625
0.021064814814814814
0.009037990196078432
0.0171607905982906
0.035890758547008544
0.028729838709677418
0.021162595785440615
0.012691570881226053
0.013795882936507936
0.04223958333333333
0.031619727366255145
0.028220315904139433
0.015507297551789078
0.03553486997635934
0.027218364197530865
0.02531171085858586
0.01103395061728395
0.016351744186046513
0.029780982905982904
0.024359809027777776
0.023704594017094016
0.019772376543209878
0.025245949074074073
0.042290581597222224
0.03840488215488216
0.028645833333333332
0.023521505376344086
0.02210648148148148
0.04763052983539095
0.041887626262626265
0.03210034013605442
0.02405960648148148
0.045984100877192985
0.04023336563307493
0.027083333333333334
0.026018205705705705
0.023755081300813007
0.025581422445935868
0.019386574074074073
0.02734375
0.035590277777777776
0.03145032051282051
0.04324127906976744
0.04432508680555555
0.04650297619047619
0.04600694444444445
0.054370325854700856
0.04844927024482109
0.048079077060931896
0.04704520697167756
0.044937015503875966
0.048329579579579576
0.04824172576832151
0.0470703125
0.04698791779584462
0.061683006535947715
0.04998978758169935
0.07337622549019608
0.05443948412698413
0.08728780864197531
0.08491977969348659
0.09213362068965517
0.08590534979423868
0.09390782828282829
0.09643132716049382
0.10132709510357815
0.09732315891472869
0.08127893518518518
0.08518145161290322
0.08281958616780045
0.09109477124183006
0.024811921296296297
0.023328993055555556
0.023303952991452992
0.006655092592592593
0.017939814814814815
0.03414351851851852
0.026909722222222224
0.024272168803418804
0.00959967320261438
0.023726851851851853
0.0439709595959596
0.029313568376068376
0.027328249007936508
0.021488182261208577
0.04290674603174603
0.0298859126984127
0.026083002645502645
0.009580761316872428
0.020021890096618356
0.027570247786346758
0.02403846153846154
0.017686631944444444
0.021968482905982904
0.011670524691358024
0.013671875
0.04260149572649573
0.03570228494623656
0.021868322649572648
0.024103009259259258
0.02233270202020202
0.030577256944444443
0.0357165404040404
0.023420806623931624
0.025157828282828282
0.027762276785714284
0.03310667438271605
0.034205522486772486
0.02496189024390244
0.024175347222222223
0.028438254830917876
0.023820695695695695
0.03207830942205942
0.024450231481481483
0.041604662698412696
0.032552083333333336
0.04477719907407408
0.04198232323232323
0.0428639846743295
0.04605955387205387
0.04748585390946502
0.05192708333333333
0.04740152550091074
0.05214763374485597
0.04532986111111111
0.04431029040404041
0.04905686936936937
0.04905523255813953
0.04522156084656084
0.046252893518518516
0.042264801297648015
0.04904513888888889
0.03977736928104575
0.06770833333333333
0.09581163194444445
0.05709876543209876
0.08514492753623189
0.0999951774691358
0.09620949074074074
0.09958692528735633
0.09132543103448276
0.026765046296296297
0.015245225694444444
0.024439102564102564
0.008838383838383838
0.009906045751633986
0.0365869341563786
0.02610153256704981
0.018329326923076924
0.0108955938697318
0.014993686868686868
0.049037524366471734
0.03485463747645951
0.02669680293501048
0.01078639403292181
0.01451791465378422
0.035089476495726496
0.03191618217054264
0.02486861861861862
0.012753739316239316
0.013640873015873016
0.030080012077294684
0.04071986741060715
0.01059388783868935
0.026501225490196078
0.01880787037037037
0.01613562091503268
0.024226641414141416
0.02293113425925926
0.030896347736625515
0.024386935763888888
0.02361111111111111
0.033343545751633986
0.024522569444444444
0.032820767195767195
0.026732896090534978
0.026566116898148147
0.02695862676056338
0.03528645833333333
0.027405753968253968
0.022569444444444444
0.03739872685185185
0.032072368421052634
0.027870124113475177
0.029272762345679014
0.032769097222222224
0.03131200396825397
0.028917100694444444
0.04888117283950617
0.06524417562724015
0.04873876633986928
0.04712301587301587
0.05462198637316562
0.054606119791666664
0.054413377192982455
0.05291280864197531
0.05249849033816425
0.05391589506172839
0.052426938657407406
0.053536821705426355
0.04925119248035915
0.05690586419753087
0.07245979532163743
0.07215711805555555
0.09718088624338625
0.08695874183006536
0.11022079772079772
0.10601600241545894
0.1069948476702509
0.1077154820261438
0.025359623015873016
0.017144097222222224
0.013950892857142858
0.009143518518518518
0.017518939393939392
0.03845486111111111
0.028316570881226053
0.022290426587301588
0.012080439814814815
0.018074156746031748
0.04983281893004115
0.04173218029350105
0.025139569716775598
0.01111671146953405
0.020228794642857144
0.04564357235142119
0.032319928940568475
0.025297619047619048
0.010670731707317074
0.02119670542635659
0.015257556029040404
0.025390625
0.018283420138888888
0.021070075757575756
0.009101430976430977
0.023003472222222224
0.03549011752136752
0.024725582437275986
0.02310363247863248
0.02184311224489796
0.054921207264957264
0.035368217054263566
0.029890592243186583
0.04381473634651601
0.03139712806026365
0.04790088383838384
0.037905092592592594
0.02717215762273902
0.032552083333333336
0.015869836182336183
0.03819444444444445
0.031746031746031744
0.04139957264957265
0.037793803418803416
0.03919604700854701
0.05123546511627907
0.052001953125
0.05534511784511784
0.054361979166666664
0.05245306069958848
0.06009615384615385
0.05713848039215686
0.05335988562091503
0.05346331908831909
0.056004050925925926
0.05452967171717172
0.05477887426900585
0.05983689128943759
0.09130859375
0.09950086805555555
0.12055121527777778
0.09655448717948718
0.02734375
0.018535539215686275
0.014890491452991452
0.011693218954248366
0.010774101307189542
0.03916666666666667
0.02398726851851852
0.01817655723905724
0.01382688492063492
0.017278439153439153
0.040284207818930044
0.03264216457023061
0.026363168724279837
0.015463159133709981
0.042059358465608467
0.02919630758807588
0.025131266937669375
0.013073979591836735
0.018061155913978496
0.02235358693507006
0.020833333333333332
0.02016952614379085
0.020365918803418804
0.025489267676767676
0.015335648148148149
0.03131430041152263
0.0288418458781362
0.030052681992337165
0.030105744949494948
0.0359375
0.031133146367521368
0.03174389367816092
0.031828703703703706
0.0339562908496732
0.04297726034858388
0.02921626984126984
0.02848048941798942
0.028095359078590787
0.02781394675925926
0.04154554263565891
0.03333540013227513
0.036276002029426685
0.027771605437046612
0.03170955882352941
0.04079861111111111
0.041356646825396824
0.04807692307692308
0.05376838235294118
0.04748000841750842
0.05714699074074074
0.05311832264957265
0.0597718253968254
0.05794651559454191
0.060934399801587304
0.05652377136752137
0.05576727642276423
0.05631775067750677
0.059122721354166664
0.05848765432098765
0.05904947916666667
0.05935329861111111
0.06135192652329749
0.026509081196581196
0.024254493464052288
0.013888888888888888
0.017708333333333333
0.015277777777777777
0.036689814814814814
0.029753352490421457
0.025774572649572648
0.013382523148148149
0.01626984126984127
0.046890500992063495
0.03747605363984674
0.026594065656565656
0.017256345785440615
0.0429369918699187
0.035037878787878785
0.027947154471544715
0.014916383219954648
0.017621527777777778
0.025917658730158732
0.018331290849673203
0.01953125
0.027488425925925927
0.020023148148148148
0.04234871031746032
0.025929659498207885
0.027497759856630825
0.024956597222222224
0.03502155172413793
0.05940223311546841
0.030077363547758286
0.030719521604938273
0.03333702718676123
0.03531184486373166
0.04854433760683761
0.029456018518518517
0.03031517094017094
0.033198302469135806
0.03156001984126984
0.026062091503267975
0.02936921296296296
0.05929904513888889
0.03797743055555555
0.04408482142857143
0.03345352564102564
0.061442057291666664
0.06153100775193798
0.06076388888888889
0.05630787037037037
0.0628439465408805
0.0683887012012012
0.0651218820861678
0.0526199494949495
0.0636935763888889
0.0603448275862069
0.06326471560846561
0.06368786549707603
0.06670673076923077
0.06186715949820788
0.023003472222222224
0.016004774305555556
0.01689369658119658
0.014322916666666666
0.013888888888888888
0.043962813620071685
0.029890046296296297
0.021402994791666668
0.012699331275720165
0.016326121794871796
0.04378858024691358
0.03667153996101365
0.03203125
0.01438912429378531
0.017934027777777778
0.04780815972222222
0.03463955026455026
0.032460709064327485
0.01253858024691358
0.01570048309178744
0.026976495726495728
0.019368489583333332
0.0234375
0.017992424242424244
0.026120580808080808
0.05002572016460905
0.027497759856630825
0.029674639917695474
0.03265684865900383
0.04550614316239316
0.04370393990929705
0.0404710429769392
0.045572916666666664
0.049562633547008544
0.061152229532163746
0.039909887566137565
0.037543402777777776
0.018990618908382065
0.04804002192982456
0.03421708254865034
0.02547998366013072
0.04400373931623932
0.046296296296296294
0.048032407407407406
0.06299978956228956
0.06377314814814815
0.06417181069958848
0.058680555555555555
0.06655092592592593
0.06851652298850575
0.06891025641025642
0.06805555555555555
0.0559593023255814
0.06641683604336043
0.06803133074935401
0.06434461805555555
0.07459809711286089
0.07414229524239686
0.07182927483815564
