1998.64258209
1657.88278015
1863.55988141
1637.52841801
2263.9559997
2288.66414725
1858.83005315
1808.7255914
2329.10382672
2472.52211622
2016.19492862
1869.06039305
1982.44265592
1297.12399721
2461.78478557
1799.87985266
1803.64985398
1851.80931292
1459.15792578
3268.74902865
1536.97470927
2341.12772655
3019.31566939
2284.23779243
2272.1608972
2191.6579715
2666.87451767
2471.83072084
2073.68467034
2509.0042657
2902.61062199
2177.35255157
2864.05709618
2642.71095441
2502.64010618
2359.79590802
2109.11255816
2191.21254607
2241.99281843
2428.03603151
2394.66554609
2560.62575021
3026.21470492
2954.6889133
3651.34026406
2028.6380524
2647.29420297
3136.39577458
1868.72652301
2273.20401065
2231.44768007
1823.89753199
3161.98518891
3508.00512811
4011.22046788
3235.88558715
3599.08658374
4181.89469533
4386.45694172
3175.95016933
2953.46276863
3711.39117565
3428.45192106
2810.97831296
2547.69620492
3896.40288945
3910.56488563
4069.10288134
3584.7544004
3207.15465774
3656.40834406
3576.06204686
3708.11246756
3987.410002
3760.83495728
1942.32417227
1677.67330578
1636.25244776
2392.70654819
1563.77629777
2543.83897886
1752.64587704
1636.47284625
2004.91023346
1178.02151737
1994.86030185
1563.40220011
2091.43874641
1748.59722825
1907.09614629
2155.21302904
2127.99987317
1992.16715032
1925.94844925
1865.03526166
1975.86885807
1972.54828542
2660.15677363
2698.24374332
3052.33699627
3108.75214087
2904.73073251
3002.04138549
2927.18631417
2993.60551686
2844.7417455
3340.23230316
3028.7173668
2393.10904067
2987.7949645
2832.23556884
2166.88594009
2591.57886006
2568.85540319
2865.77476557
2761.36994074
2655.74402076
3975.13057317
3984.66612736
4580.41987853
5201.99062119
4578.6364209
3307.65936544
3585.6771257
4617.34034192
4561.04815197
3676.24442818
3803.0026365
4948.28487726
4259.17077531
3476.34179943
4276.52537494
4658.56478351
4085.7819055
2080.76945083
1897.39356352
1612.81018341
1872.13792034
1691.5319359
2224.75924108
2258.45752674
2019.23789534
1839.50325163
2122.30892164
2714.70191821
1805.06863602
2014.66412622
1847.05818419
2207.94426132
2381.55985105
1717.43489383
2222.76757535
2235.89249771
2173.09859716
2620.41438214
3471.91817567
3097.55892896
2599.14641768
2532.01806022
2764.45205407
3367.24142764
3389.48766786
3172.51231119
2719.21416561
3091.26728757
2556.89710142
3351.40373944
2936.19895075
2714.22829113
3318.65393769
3109.58264572
3455.20375959
2391.51190635
3623.0368965
3711.30958622
5665.49336209
4602.41194011
4527.62542839
3349.86335866
3864.4153001
4407.24595378
3940.88516665
3481.9502802
4732.96744483
3456.25090414
4477.24024709
3826.8862098
4345.68627143
4140.07315446
4204.93123616
3480.29782698
2465.40572291
2103.80419358
2093.00732662
2214.80005149
2002.6889835
2631.96135073
1917.65064509
1794.4900055
2374.22134906
2287.52314778
2733.20320005
2116.67461767
1853.19393497
1891.11738593
1753.71985096
2336.98781137
1746.49540247
1839.38909536
2256.59457037
2509.6836481
2521.25806774
2251.31725931
3929.28290764
2268.39685188
2853.84119284
2164.15143345
1804.14030863
4007.63685746
2022.18331826
2593.16603774
2416.84249557
2005.70250047
1720.90258959
2127.56211703
1605.65915611
2423.27764956
2148.241751
1652.30161811
1931.25793145
1434.22876665
2256.70667369
1743.42997989
1753.52351442
2522.92005997
1475.19934738
2548.82137553
2449.46631066
2211.97647415
2174.30853115
1999.02753222
1933.04971644
2518.72569531
2676.66525226
1672.880497
1714.57459593
2052.07716315
1841.06323907
1659.02476163
1608.32744541
1407.96694325
1649.48991655
1873.96556998
3543.22015155
2366.19221943
2585.75696321
2876.3133054
2980.16836394
3263.85264626
2457.60481856
3110.05170678
2546.72598097
4311.38638536
3167.72228794
2729.37035191
2668.59820007
2671.63144965
2951.13481801
2860.24791464
2941.30286362
2844.06083913
3303.52257516
3217.25615063
3894.54674205
4558.83495616
6291.64186433
5736.646541
4225.09002581
5938.31577502
5753.52202458
4463.67257803
3930.80736333
5473.65909569
4990.21845363
6188.58868285
3873.19937
4852.25797329
4187.73992146
4456.36215588
6331.59039547
2364.11867374
2040.03705474
2048.82430712
2722.85638927
2118.46105291
2410.05977748
2335.0467461
1891.35416829
1832.51083098
1780.28765992
2332.18133702
2461.25031842
1955.59857814
2662.54614961
2448.7063447
1988.07451755
1734.36637098
2397.48430992
2097.52339912
2534.27279122
1924.46396039
1920.71963439
2226.3159015
1803.85083457
2660.55736813
2031.30432241
1946.18889371
2822.39539559
1854.44898059
2717.31900955
2026.18705702
1738.33350839
2047.91868905
1603.21898911
2835.34893944
2197.64797129
2008.01298805
2333.59703374
1480.21520798
2007.63193974
2631.39768455
2929.57341213
2409.88082031
3340.61293625
2462.11991155
2924.04584082
2956.59624642
2437.31986755
3135.89020066
2616.11928575
2229.82243314
2277.25731931
2484.88789905
2503.9343967
2503.65857789
2548.28151199
2726.58784561
2130.51534867
3112.19086636
2849.11535775
5012.7652993
9682.17102883
7177.39598071
6545.4114843
4403.69664549
7536.15174997
5287.7942055
5039.8163951
4310.47077402
6536.4083704
6040.58295016
5476.58050168
4328.56002841
3246.70607835
5537.51124468
5834.99526142
5481.06156558
2248.55331441
1934.7603161
1679.11567185
2484.43120428
1947.01808536
2351.91624934
1778.47361925
1656.24487707
2116.15194667
1552.88248051
2257.39692861
1717.78763431
1563.16261107
1755.05684965
2311.52481201
2411.91385636
2215.36013583
2103.71977483
1582.83182045
2538.11086938
1975.31415242
1861.58606613
1898.91895905
2689.30836258
2124.95147534
1818.74068435
2625.15105389
2104.39179488
2520.74203581
2499.28115773
1866.35948204
2025.94398458
2569.89688415
2021.5629611
2394.99312667
2587.13825076
1860.44024954
2077.01300796
2760.48636575
2370.56836278
2336.42398233
2340.38319723
2608.50234752
1994.3494545
1848.89197412
2774.27010053
2641.16151481
2359.33205814
2781.45428772
1976.21683746
2222.85143818
2065.41843923
2366.47953886
2640.84788457
3205.31286385
2902.20016295
2288.71418449
1953.98889654
2365.13756305
2772.73196408
2125.92234771
2610.42089514
3183.79256092
2021.93279108
2880.40535037
2314.75543249
2591.13029946
2642.83112453
3276.62730553
2782.87819726
5353.51743398
3899.28680296
4820.60456761
5755.65232331
3887.53738946
4368.90843858
6158.33351926
5608.86093023
4277.72931843
3749.35279713
7592.0477377
4787.23831858
4489.03427025
3734.07865834
5000.78561093
5101.25748221
2454.02279959
1997.90558007
1869.81386452
2016.10137379
2387.92696284
1993.00075979
2116.77008574
2430.71143513
1653.28644292
2119.89036573
1848.33820589
1830.29679515
1775.7815788
2355.02825564
1804.96196142
2119.61994623
2339.13232808
1773.25244383
2083.07609994
2288.32717314
2603.25356737
2408.21652353
2065.79882976
1771.11105671
2912.97931705
1869.07522285
2378.64833633
2450.73171686
2206.64489582
2377.60098049
2603.4432202
2855.18993721
1895.63615216
1875.77465261
2282.77736199
2769.39128746
2230.89988016
2331.70796182
1701.55913355
2372.01970221
1876.74926166
1830.59273672
1528.87601234
1834.41319228
2300.06169053
4031.10481186
2973.72729772
2436.35693873
2315.39646078
2155.40022276
2051.47694866
2505.18522008
2638.32576745
2459.47906811
3175.14710301
2240.65600569
2738.11313296
2489.53812682
2285.95668329
2120.30118124
1976.15734517
2904.86290234
2752.62920847
3578.12416748
2462.05709945
3030.10840675
3978.13112089
4382.62650865
3820.72109557
3886.11747189
4736.61245813
4435.18095706
4015.3723889
4297.94622952
4244.77206301
4075.52080783
3970.79428816
2379.57391748
1781.67609733
1941.09524426
2170.88524169
1713.56730016
2364.39527605
1750.90240736
2178.45096155
2669.81008631
1391.06317905
2271.89567115
1784.57532941
1624.88289343
2101.33212735
1628.31216609
1855.3972105
1887.04580411
1753.33241714
1968.01965501
1709.16986153
3529.30982865
2754.98426011
2544.83262482
2987.31741351
1809.73664945
2017.11316091
2716.21917174
1921.51698676
2456.21037463
1846.59170541
2212.58578749
2012.77245192
1615.63759905
2348.55145314
1801.46809159
1767.23955673
2559.39929916
2148.97196424
2132.73186386
2131.76163355
2390.59477711
2327.24870858
2923.24355954
2415.36442633
2085.05396324
2346.69519402
3030.60390268
2593.90714401
3160.05004197
2784.42015173
2795.90229282
2892.98233469
2502.80505956
2080.95469018
2423.86104106
5501.46316207
2341.66958795
2169.56611758
2962.17027644
5101.80093207
2854.01705001
5152.32455794
4440.18975057
5195.7459422
4619.81625687
5297.61587547
4567.89986257
5233.1537185
4480.24600898
2234.22106589
2159.91204754
1792.91454157
2476.80052181
1805.45162764
2581.75885292
2269.15709003
1998.26379503
1850.26297992
1777.67854936
2596.74456902
1974.78903299
1942.12729196
2111.46829247
1729.94029408
2195.60022257
1877.38341446
1837.80741841
2352.14966725
1497.17318968
1962.95780589
3999.32586509
3524.1611494
2121.44451066
1729.63470067
2205.78767893
1827.06102234
2016.45588998
1753.9092098
2584.36833379
1830.57431287
1816.48186874
3970.56628821
2068.91579983
2775.63577075
1756.77955894
2580.81030331
2566.6242482
4340.47418469
2577.3442334
2546.94400054
2065.23691582
2226.4014096
2824.27251543
2574.06510784
2667.01230719
1672.62332671
2569.90268276
1892.89290755
2342.73436664
2139.99509381
2240.47124275
2627.39400912
2420.19225792
2523.06440909
2143.25853273
2961.65221125
2179.62199932
2954.59380749
2598.36461237
2409.97690801
2172.26925728
2320.79959069
2383.77764546
2921.37916877
3518.53020306
5860.37144259
4816.81161984
5449.02875314
4848.89318971
2432.11287272
1855.35458102
1748.48664909
2798.22869395
1552.89414866
2100.97794772
1648.93018
2019.08495258
2190.33976261
1926.29646002
2047.14606199
1817.90345991
1589.93895814
2284.70932185
2205.80783267
1777.22111659
1780.73333669
2077.96830909
1641.1342697
2224.8386675
1580.12759656
3638.678937
2165.73221303
1714.74282009
1851.39405525
2605.06502184
1797.45938355
2105.67078034
1749.83197784
2033.01174843
2675.57715898
2495.33915374
2470.32600695
1690.2980346
2171.35920252
2446.35187004
2072.14277157
2592.18447308
2236.63877362
1627.76119381
2435.3128282
2235.07069669
1654.83034067
2690.82443217
3450.95137906
2383.99433282
2982.00876395
3300.11448788
2476.46291763
2434.64546684
2803.4870489
3986.51086851
3276.72869975
2674.68545842
2634.22344425
2497.44169632
2895.40412181
2812.91905445
2584.40097088
3533.84044913
2938.3623835
2487.37628904
2660.43172047
2762.62836338
3141.29875459
2902.39832582
7075.64258925
3115.14989435
2065.03653957
1718.74575819
1664.90100447
1723.76976301
2324.52205507
1667.05515324
1527.49198085
2338.2522425
1375.74921854
2528.35362394
1997.82603099
1799.36305861
2082.96776766
2312.68790069
2149.5061251
2053.33750111
2411.71951629
1859.82081885
1875.5304108
3146.80567099
2070.66028795
1796.39052914
3274.80774602
1701.64143228
2137.33844895
2070.52153589
1919.70607002
2320.17161342
2041.29477901
1924.80595584
2354.79331176
1888.69774251
2207.28390519
1793.2067847
1813.85852257
2648.73408207
1928.9521643
2521.53391262
2664.10275813
1948.5356424
2324.4224279
2464.65567378
2721.26127521
2056.77611227
2192.63621322
2488.76770217
2224.1061772
3092.91565608
2938.17940436
3165.2437671
2797.26578921
2072.59740553
1997.61939292
1488.54099453
2589.39975595
1876.02269658
2839.07414884
3327.20229248
2609.02538156
2855.96601112
3669.72566707
3141.65539079
2619.37678792
2860.74628163
3141.26974429
3096.03824381
3441.31729423
2769.07954684
2931.12744254
2645.00245816
3255.10420997
3061.14026986
3037.46341746
3955.31945627
4834.93781698
2210.49907561
1765.13684289
1909.05380398
2164.98718112
1715.25803529
2444.47041318
1840.93088027
1637.75181906
2182.70486615
1605.88322755
2683.95661507
1719.27260709
1974.30183612
2399.88781266
1589.1971193
2483.95025778
1896.29727519
1790.35281339
2498.96505537
2105.75825841
2349.40596236
2373.00182672
2305.24293625
2910.99802227
2542.66102953
2208.69966063
2545.73732232
2228.77805362
2613.12162686
2494.35713339
2847.05685322
2026.52998303
2721.2506302
2245.63292662
2350.07497236
2418.0052009
2570.11839983
3816.12336992
2990.94327708
2243.6779608
3793.13403884
3840.78306361
3369.64541903
3395.47777545
4196.17398664
3815.57114985
3119.86188392
2719.0054543
3504.78993518
3243.63665191
2636.41656494
2892.7488261
3033.06102057
3393.37683256
2849.32192752
3359.20360309
3291.59956654
6893.69175055
3263.96777695
4465.20224818
