21009.3879175
56600.4712062
11031.0690437
25827.2903474
17286.9949775
42607.9022422
35250.136981
24690.9820272
19042.3217309
65596.7686409
23361.8033048
40699.2288844
20484.0823241
17901.5753068
14495.3466151
26380.9665502
17700.2302198
22484.9152089
17421.5666874
19298.4939131
20905.8683054
19628.5799968
23284.5428142
21065.0382229
29249.0767481
19650.30339
92191.3509111
11996.6049304
18323.6570779
47300.5873234
18256.6814303
27025.7031439
22725.0141726
15420.0906513
17021.3486465
11738.9377752
95189.5520818
16605.2394534
23024.6229349
18084.259099
20530.4489506
23135.0920507
22673.6025854
13142.2829225
16509.943577
20668.4698146
25670.5456682
28560.5262623
18007.4873049
28788.4197683
17469.6902977
13725.67815
24444.5313392
16645.154378
20958.3719193
15953.681766
31058.727365
12491.6801228
24649.3128348
20159.1782586
95470.9657672
15938.5487664
18200.2499721
18654.8939123
14045.4865165
17912.9419332
21923.976367
30563.4230427
38624.6842447
25127.4059467
15387.7477342
