2082.02748809
2420.29233197
1153.81758418
2213.65041417
2235.4659583
2145.18952261
2177.68916733
2351.01610956
1373.11281878
2183.78882089
2703.51048661
2230.98147581
1926.72791973
2224.3007393
2095.34125104
2310.38419934
2290.99160357
2474.46838864
2012.9359536
2531.7894432
2097.89388532
2454.76981351
1958.79419778
2413.04588938
1481.73682759
2219.84727656
2323.37073869
1882.50479781
2428.28440053
1835.06804863
2188.03184941
2123.93722765
2604.74286124
2279.48743989
2236.40685139
2448.02745579
2446.89007791
1974.91431287
2265.11824987
2088.3761014
2316.01206526
2403.10981322
2189.25400695
2469.06729013
2352.35828022
2043.25847851
2461.57952386
1990.93225662
2235.72014508
3098.2570277
2519.67814051
2089.61561958
2778.5998708
2168.05374705
2397.63936472
2299.10104705
2399.00000124
1917.36036119
2183.84977854
2196.55225376
2386.30393651
2576.56294946
2322.68672799
2208.505491
1548.51607311
2392.55297249
2085.32534445
2460.44559869
2200.9979032
2238.82668692
2785.38446147
