0.005079365079365079
0.011791383219954649
0.012426303854875283
0.0025396825396825397
0.014149659863945578
0.006984126984126984
0.009886621315192743
0.004897959183673469
0.02040816326530612
0.006802721088435374
0.019863945578231294
0.011700680272108844
0.010612244897959184
0.0017233560090702948
0.010430839002267574
0.001179138321995465
0.03437641723356009
0.01786848072562358
0.011156462585034013
0.011156462585034013
0.010884353741496598
0.010884353741496598
0.024761904761904763
0.02639455782312925
0.0028117913832199546
0.022222222222222223
0.0028117913832199546
0.014421768707482994
0.0010884353741496598
0.012879818594104309
0.02113378684807256
0.007800453514739229
0.010975056689342403
0.0473469387755102
0.00235827664399093
0.012517006802721088
0.001179138321995465
0.028117913832199547
0.012789115646258504
0.013424036281179138
0.0031746031746031746
0.009795918367346938
0.012879818594104309
0.023038548752834467
0.0019047619047619048
0.009705215419501133
0.02603174603174603
0.0031746031746031746
0.012698412698412698
0.013424036281179138
0.010975056689342403
0.014058956916099773
0.027755102040816326
0.030113378684807256
0.012517006802721088
0.014058956916099773
0.006349206349206349
0.0163265306122449
0.004807256235827664
0.01070294784580499
0.0015419501133786847
0.019954648526077097
0.005532879818594104
0.014603174603174604
0.0018140589569160999
0.047528344671201816
0.0019047619047619048
0.04417233560090703
0.042993197278911564
0.00598639455782313
0.022494331065759637
0.008616780045351474
0.012879818594104309
0.0019047619047619048
0.012879818594104309
0.015056689342403628
0.016417233560090703
0.01578231292517007
0.014331065759637189
0.007165532879818594
0.0182312925170068
0.014421768707482994
0.015873015873015872
0.01197278911564626
0.016598639455782313
0.006802721088435374
0.00798185941043084
0.005351473922902495
0.017414965986394557
0.006802721088435374
0.011247165532879818
0.012517006802721088
0.0254875283446712
0.004625850340136055
0.0015419501133786847
0.0182312925170068
0.013968253968253968
0.0015419501133786847
0.00526077097505669
0.0033560090702947844
0.010340136054421769
0.014240362811791384
0.00943310657596372
0.01886621315192744
0.01804988662131519
0.08081632653061224
