74997.5438001
69167.7128654
45050.496035
61475.1576663
69943.9789507
61621.7077575
54016.8511593
59100.8903786
45490.5969747
93788.8640995
51885.8531155
60328.4948011
83689.9769676
64316.0407132
74884.6199858
52649.9739552
85076.326488
61004.634985
60848.6896603
34399.5038631
44296.8272996
43687.1779528
54576.861432
57060.4989596
54517.7797221
49546.8625537
65842.7034429
55994.3674642
44107.9830174
69252.3594873
45483.1771526
58479.3961197
68937.14262
43333.6295251
47977.0570456
51984.4527007
43316.7966094
43395.5189335
53689.7157191
45947.6103195
71988.7086484
36463.5530732
42409.5417055
37167.9455745
36756.4934431
41927.0951964
42881.9500238
42430.9646846
52931.9985388
71022.646996
61642.7197716
63359.5523793
78807.7601502
55895.8762014
57230.5746965
49957.9716889
72201.4435355
54446.814472
66438.4809912
66051.0825066
54379.5644985
60664.8577103
58681.8091069
38538.6246087
54218.1255448
46086.8159862
33849.9265927
45506.8339761
58443.4920016
44733.5816413
62499.12607
37586.0161647
56293.595599
56462.3703413
44577.3751949
66354.1684535
54818.8559643
49969.5196943
69380.0449344
38577.316879
50970.5141772
41213.5895021
46528.5858746
31166.232631
49877.5491647
34323.9096413
35600.3582154
47408.0072098
29509.5937224
37684.1665588
41666.6717944
46912.7855309
47682.7750486
63249.8508973
79442.6236426
63659.5786161
85372.1805697
73494.7442131
52101.3657693
96732.9066486
54943.8503871
60407.7816928
60883.6549719
58301.0568429
40505.2444459
65635.7957788
55128.3632095
45833.1992513
62466.1744384
101369.757039
57187.1217623
89494.7209751
46144.3320694
58389.6966704
38712.3666327
36665.8125198
53389.7295067
40128.6530363
29404.2887834
54174.1041168
39183.7780658
32743.4865366
57340.0917618
38641.4044924
47288.3506816
42505.886483
74746.2563801
65528.2248848
56106.1500997
48334.2317187
60329.5945035
56312.6572213
35713.0590659
40261.2768993
35861.4690722
41168.1890596
39645.0837723
39711.545085
44909.3958937
52204.1794063
34970.9339191
76626.9911692
83907.5350528
54409.1352508
201708.800251
53577.4661587
55908.0663007
52196.9974497
106405.142851
53215.1926215
65955.4639254
53473.4830944
136183.763238
53775.9391254
51087.4108148
61684.0425846
74470.2876392
46487.7601174
52379.8383352
40796.321814
50367.3476948
65742.2211994
43843.6337604
40335.2225136
57670.4810282
38249.570307
38437.9302757
63046.6540787
62135.3613763
40494.1562959
45657.3835445
59198.3127537
58256.7330833
45642.44743
46977.2113499
57340.1446568
46725.2952976
46474.4154298
51118.8231177
56939.7755201
48869.6662988
45603.0747182
38522.2685341
49390.9745763
42959.439056
48764.797164
54462.7730428
42488.5505271
55834.6891551
51087.5442922
48487.0414691
49741.6298499
58410.2962161
70922.4957208
53832.4658769
59776.6384686
84108.7284063
54116.0385872
60006.330096
48797.693177
50913.5262229
77337.4002937
50526.2970421
39301.0126827
104035.763491
50357.7374903
43605.1763844
59129.9262872
92501.7386721
47383.658698
50353.0530818
43783.2790939
45848.792706
42234.5922104
37950.9982278
41925.724053
39383.4959379
47530.0150017
39406.6486755
45163.5465455
68853.4525094
44199.2856923
62626.262253
43517.1972689
44956.7276632
36463.5035653
62829.5729838
31309.9840883
31747.7267967
35264.1447428
42165.1316746
30271.0558731
30614.9686987
34834.1974971
40378.2994768
34229.5225545
31284.422847
45235.5957984
32869.3313409
72646.7722653
68787.3347927
68715.3082304
66598.1544829
74393.0881368
64048.6037729
48474.7104949
43891.7163928
90128.4012991
68530.5576205
47758.8641629
42627.7988096
58010.7050191
41468.1506151
72495.505684
76278.8112639
61259.0571955
44635.0332605
43811.0583377
56716.2443821
33791.7966718
38066.887619
38974.4370796
33799.3085887
43311.1177818
42342.7446389
32934.6748773
28021.4225895
39111.041119
31239.7572688
47392.7762995
51603.1709841
55009.5157855
48208.0171823
52096.2776414
62278.2327123
52431.4400187
38656.7831508
39001.7738168
55623.8134941
50165.9426557
46622.1889364
37176.3769172
58706.3522098
58062.4008719
36413.5950759
41231.5291917
72430.1028032
77385.2690247
77712.3297007
51517.9470118
60710.6339167
69255.5521391
48396.5171519
51503.9540936
54636.8789784
37601.7125617
53087.2975324
61729.2707087
62618.0152325
36186.8322639
58270.5026454
46873.5950656
103123.282132
51435.0805633
79405.2773882
63882.0774669
81071.6966317
81596.4118968
67020.8856608
52184.6557926
60341.0496544
77128.8919911
52060.2505816
39149.0020481
38528.2212769
45857.7235079
72569.8133916
63321.4366491
61866.903115
56386.491103
48079.8243479
40141.2521761
46464.4603555
41096.4183292
35581.319471
40799.228788
35793.8509895
54040.0679326
34513.5832594
47752.0415034
38998.2681735
48828.6925485
35074.3535381
36068.8507815
56022.0588326
41805.6107885
48938.685619
32369.934058
33753.8679573
30286.6236904
27858.3097123
40791.6810801
48660.3106467
24163.9833817
44549.5891119
45962.5237232
28952.0260886
26208.3920732
61505.7559147
83329.2193787
63928.81684
69475.455809
53461.4280611
63316.3764729
30678.4549198
32160.7497922
44276.9236881
53605.4033325
56065.3415415
48268.8567844
54695.116232
58373.6063764
44581.1219443
49343.6059486
49310.1593203
51100.7377406
61532.6414998
49096.5585874
65537.0425133
53123.6442719
46324.4648176
63029.3331144
36011.5863628
50515.3064664
38252.0183882
65228.7098776
49517.8536621
53709.0082336
88904.3358048
35618.2434326
50434.6439906
56699.9796977
52068.4747972
44862.4186146
43241.3366409
58781.566292
62318.3660016
66625.7245201
40870.3170391
39161.803401
43355.7269894
43948.7419636
54936.5805366
61408.312124
55319.302935
61435.3317883
41034.9130448
53202.2660433
41412.8247378
53536.9066433
58883.2042624
44193.7542021
51410.7861439
39441.7733884
50010.9511031
37247.2845087
26001.1854849
41912.8583665
49355.282284
39649.9089373
35988.2936092
44836.0321219
45262.1314461
69156.8871915
62464.0102841
74418.5493156
68714.7926994
70369.6738831
54629.1757821
50203.1093976
49094.0052281
49406.6406705
75088.2597211
48732.8865458
71879.9007712
51780.3618616
58378.152839
51735.1774953
44976.9916041
88122.3789444
51483.7206408
37221.9901411
72901.3298321
42356.3943721
45588.936957
29555.7438508
87746.0761598
58503.4121944
47163.0337698
32909.6114184
41253.2099013
64764.5679324
45403.966191
29161.4385757
55398.6729385
55701.9960217
59387.9575548
45181.0848765
55942.6819475
58255.3943483
54112.2910111
40917.6563363
41721.494408
50897.1819435
48362.975474
34733.2789878
32207.5267032
53342.6103753
49622.8645748
37668.7264472
34796.6446283
54582.6890205
52294.2060242
48315.1044394
42485.7809196
40452.9377341
40785.7269907
48151.6988653
38467.6885455
41429.1041039
52087.4640308
52011.6533859
37200.8228622
45514.3244053
44867.7817496
40628.8750123
36220.6357976
62386.8055536
62511.9242262
47101.7243626
83000.1997604
53441.3361435
52616.2277563
44223.6423945
75887.4850613
74698.466908
59835.7766658
47509.1236945
80431.3431043
44285.0037953
45901.7498848
44832.8854779
51085.9321187
50536.8029064
38622.1986078
37523.557156
53353.3181606
71110.9585528
53127.1575
64846.6025487
35996.3878692
73483.7660597
53888.5702579
51370.9393001
77169.7470206
34776.8271249
52684.4909497
46660.448312
54461.7438713
70444.9891858
46252.4997008
59063.7951464
37674.9187252
45024.2180458
50916.3953693
72160.0778111
35500.0635638
31562.3860625
46929.0869313
34191.3430702
40925.8741093
28416.8707354
48315.2507155
39011.8318146
39278.7153791
27889.4686322
41375.7015035
54795.2940257
68578.9490219
47919.7177089
52021.1831181
57298.1038873
40736.1303349
53998.7046491
61906.0575278
66828.9688722
48616.5188277
44155.3838862
59126.905625
102026.593061
38624.0231295
44270.8572474
56902.4086691
44948.5549204
53495.6537964
79689.002201
73437.913123
51932.4420619
57818.238809
80143.6795014
65067.7648503
51954.4654371
76948.2915582
56143.7330121
59888.7767148
71620.8359614
59922.2090476
54560.2353531
62882.4549457
64729.3652308
51175.8703276
64746.6027193
47418.5858106
76498.0185424
78641.3189587
45327.9772443
40355.6031408
58350.6740738
74844.417931
45855.774491
46588.7852556
58404.5845332
55045.4616747
62880.0861648
43485.8650947
50959.656489
69926.7491127
47521.2445739
73963.1078207
50615.5544015
69552.0175409
43515.647075
55488.0963913
68079.1599816
51037.986625
63445.2168183
108826.634074
78088.4569816
50507.2376466
58315.6824611
60373.2864084
66247.0105589
42874.1614205
54727.2876461
60256.7137561
43952.8258711
69540.9376577
61480.4948832
57497.8873173
67589.4530123
67615.632279
60627.1233646
57903.764734
54215.5421936
63001.5805553
56241.9135711
42428.6487172
59460.2097143
50292.5231482
41189.6817645
42769.5448373
31251.0997587
52998.9625777
33150.8872163
45777.0428677
48447.5973735
36307.4470336
35166.6408603
39999.2761749
49865.1177478
48840.9584204
