1601.5100499
2551.76024026
1068.90644528
1232.70498445
1682.68004916
2679.6476753
1148.79587969
1199.20426441
1026.69750116
1899.10486936
2915.46109754
1287.87681803
1776.10732968
2789.85276684
1528.89432471
1072.35084148
2492.88487839
1983.79121512
2549.76753548
1056.60869238
2440.22986927
2575.14532741
1343.74848223
1263.97517307
2003.78695794
2697.96987582
1276.07563716
1974.16039136
2621.46403697
1305.69552783
1441.47732602
1214.93652818
2755.71427624
2957.1961388
3494.85651367
1597.96979809
3178.2123835
3724.16562817
2445.50233877
1590.61692669
3311.98051941
3868.47251241
1572.95490858
1658.65476818
3377.19918388
4051.14533328
1592.3563618
1609.71380941
3726.5035719
1985.1816261
2493.53362965
1209.99145169
1974.54733646
2372.89454608
1232.04709416
1095.34867362
2139.54781446
2433.53448253
1289.86300402
2025.31020451
2334.33782416
1216.45678221
1170.46663998
1827.08490065
2314.71006311
1182.39709224
1886.93922016
2385.60508729
1326.49776321
1189.38631743
2358.81363489
2528.9525169
1371.43402624
2294.50990585
2471.87736758
1463.4874526
1353.22154209
2959.59962399
2910.91045008
2438.48096749
1891.48392455
3351.53124857
3036.54833635
2821.85205622
2016.89453002
3693.2920587
3910.22699297
1857.01937964
2141.61396625
3476.00026682
3941.12771716
2749.45284823
2066.49886721
2014.99090966
2539.00430676
1077.5709922
2103.69093676
1080.00089152
2625.31270142
1240.8831582
1110.32364324
1245.38612431
1271.19107832
2014.0139747
2615.53316336
1388.13078194
1843.28374929
2740.53698546
1341.60942524
1260.57352907
1137.24389868
2811.92877653
2179.70550067
2672.5082125
1135.83159044
2565.61052278
3103.20078549
1477.76122793
2146.72153173
3342.06170244
1572.05119702
2112.45025678
3422.41807271
1519.97191282
2002.80522711
2638.48267766
1693.22632229
2651.58281785
2836.02801987
1568.53876972
2286.79886573
3615.08417373
1468.52503039
1463.30048513
2823.91280517
3131.96381334
1609.72117487
2844.67514234
3223.66456902
2144.63501222
1480.66418769
2101.92093832
2589.00301497
1100.82585343
2013.58611362
2444.71454506
2667.19977759
1126.03476365
2450.11842092
1137.07676542
2495.08603982
2653.72431063
1615.60598749
2498.9629119
2633.62240451
1293.41347009
1270.77176687
1560.35305949
2996.38137699
1618.12334118
2260.073294
1697.30981031
3230.02615868
1703.1427661
2539.64224346
3007.4314925
3356.64564734
2656.31016295
1743.51176778
3318.27114091
2017.98765521
1767.92503867
2873.57047378
3084.45674512
2314.98277085
3894.84923559
1510.86566826
1779.54696428
1694.2791753
3104.90726676
4165.02837774
1865.29243118
1654.37374004
2004.36463667
3243.32476732
3949.24819204
2422.69031871
1886.95231676
3345.996222
3649.93664497
2136.03937028
2050.17905953
3114.23016235
2154.76332485
2627.24032925
1160.0996925
1302.03037319
2410.70894748
2606.80908443
1420.35386228
1259.57942479
1235.86044503
2484.20960457
2668.26467608
1448.78408822
2337.85278215
2602.93631022
1281.77574586
1386.94210446
2646.13603262
1680.8192435
1702.68307587
2931.8817095
1796.43664784
1644.54325654
2862.01296834
1985.79678243
1947.29411521
2573.43098321
1946.06620556
2213.92937214
3417.65310041
2974.43681088
2743.86368512
2251.73887688
3793.75985755
3220.31310393
2176.47875503
2173.54983428
3975.72770061
4404.93223412
2120.34839816
2128.08376171
3835.39028692
4426.39096447
2160.56882195
2145.37274732
4815.65142439
2126.25265483
2333.27306755
3173.22526573
3493.89117092
3179.59938937
2295.43067089
2714.18088905
2522.62056785
2654.33122862
1756.27362445
1464.46274327
2597.35101855
2843.96772812
2529.91130222
2811.22291216
1168.14047245
1468.22893058
2477.76725157
3043.6890929
1692.35425002
1785.80977813
1960.14506838
3203.90796765
1813.63560443
1950.54523266
2259.81557623
3016.2304456
3412.82709503
1913.65584625
3183.97175776
2005.12535166
2521.85519719
2629.08783793
4227.82803613
2191.27350829
1763.67606598
3017.11676334
4098.2750425
1770.49089497
1745.10777732
3377.90736605
3843.99702641
2295.49527472
1833.80869646
3155.29656336
3247.86554877
1760.7396796
1879.81911472
1725.08762644
2418.28965702
2353.55628145
1390.3991381
2515.55635905
3102.07160623
1788.96269275
1837.83020715
3096.36082504
1622.69295281
1838.5417638
2787.42116164
3140.82662455
1272.61781071
1506.99575807
1334.59541506
2987.64931485
1604.57306838
2581.674107
2883.56599677
1337.11999653
1742.42337905
2628.12123345
2890.08770796
1470.23510592
1045.31764459
1451.59579168
2955.73639277
2698.83675611
2877.90240122
1022.73634069
2968.19234293
3144.11976058
1919.7946913
1762.18492016
3346.68820423
3379.63070656
2080.98183091
2258.1508692
1985.91925106
3390.54919999
3500.89736588
2448.05380724
2068.31981761
3274.03615494
3449.16220151
1901.11449554
2355.38899076
2294.74036559
3044.02167218
3601.12390172
2310.13108263
2857.9935217
2849.10818281
2427.71879248
4155.71278143
4907.33225426
2390.70313015
4195.8597384
4277.76205848
2998.5886225
2468.41192703
1713.83226117
2253.49451445
1294.85450775
1529.64426852
2101.33113074
2400.84587241
1264.95365338
1293.50237879
1275.86923444
2402.59478513
2675.71680281
1622.82113989
2197.35967718
2476.57119067
1194.32782986
1876.71958067
1621.79439894
2563.90854289
1318.90878215
1294.05386428
2646.35627246
2744.89729414
1351.96220059
1754.3446773
1431.71063838
2881.15039052
1507.36306546
2881.3192895
2727.7087358
1477.34739445
1319.6737346
1473.18102433
2889.48481196
2764.45213514
1722.05632793
3265.65472802
2888.69895745
1865.27153839
2058.34533538
2125.14650992
3282.45903756
3262.15049436
3381.59058888
3250.37570772
1843.4819808
2090.03261389
1855.24304882
2572.11224835
3383.95550283
2017.82098775
2164.10768161
2235.35174439
3446.53675742
2108.41035673
2718.21549214
2055.81528749
3162.19022817
3973.07447398
2216.24687977
2246.39785761
3099.60709996
3972.4481972
1905.63013035
2965.3854726
2194.1978786
1835.97928235
2472.53374041
1346.64976392
1366.93923556
2015.79794978
2724.5611659
1394.5308166
1395.68461043
2981.5535238
1422.88258115
1392.8014777
2181.2513291
2860.03927721
1367.00196985
1600.48061289
1394.68584112
2500.37050905
2239.00555912
2732.05386741
1314.8677352
1392.27037056
2466.23485344
3019.30935903
1322.28461991
1820.82560016
2697.78421249
3262.65951381
1698.61389039
1727.18007651
2505.5512097
3111.64388649
1707.16396642
1469.56840943
2928.98581371
2778.56431432
3018.89762246
1875.26406865
1479.63295733
2831.81696709
3147.9446996
1982.86937988
1521.03107961
3038.1355143
2914.6134191
1664.15025003
1555.39662701
2936.54050261
2854.41225467
1782.70284236
1572.50428104
2863.91616097
2096.01436539
2373.80086009
3157.72431604
3014.70597279
2194.33739223
3016.55664256
3549.78933818
3063.904869
2249.89825139
3047.12870639
3476.50799864
2142.15498159
2316.99847049
1854.81605053
2367.87591766
1294.75226113
1433.77081183
2257.64903847
2665.52348252
1360.53638392
2228.48792725
1246.41539112
2363.30541519
2556.91464328
2312.23683455
1256.95888518
1909.50789117
2390.179152
1230.58560442
1807.39260394
1463.97801436
2758.24203123
2610.40540243
1375.30569146
2115.86283516
1319.15454309
2935.84670084
2881.55317542
1852.41960261
2372.33851629
1379.94512901
2762.22194612
2592.71299612
1873.63023296
2253.48072153
1331.49551132
1927.18748754
2763.95442881
1638.16920909
1588.21223694
2927.13021043
3280.71534319
1721.84553092
1697.47886998
2988.28927393
3240.17031053
1721.7826886
1700.03848628
2974.53666931
3250.98598455
1683.37351625
1667.10051937
3082.00395006
1716.31671825
2250.24676478
1313.27599376
1832.63282541
2134.20967762
1111.35276211
1274.96941533
1977.85315934
2452.18420576
1275.79406379
2094.87190596
2362.80324128
1771.29501843
1108.70331545
1587.436588
2065.58617328
1053.48175595
1721.89135657
2155.93799357
1483.20785185
1290.4220087
2092.78307059
2221.35965672
1095.75923446
1976.02021001
2193.97172111
1491.79338013
1612.60969436
2740.69894557
3258.08096857
1486.41666827
1553.20457686
2998.43255922
3573.42622322
2151.47565286
1581.56941856
3047.9679263
3269.45938564
1581.91814008
1495.59365919
2928.98537584
3367.91497578
1533.962646
1514.47021035
2703.91595061
1602.88631297
2110.55844766
994.034531968
1643.80280827
2398.98154225
1058.24886922
2389.06785587
1126.25466825
2576.91542262
1283.57530605
1764.33022541
2480.20594225
1231.64585779
1147.15055816
2408.92288967
1545.23852852
1722.4070378
2222.73316199
1161.69662794
1165.80518897
1039.5991687
1842.41925499
2415.5942699
1230.80347652
1207.30794545
1345.25388409
1968.72588712
2766.88989506
1355.60854646
1152.08924419
1811.35426589
2447.22933513
1236.29995513
1134.72084672
2487.47019055
3445.28558891
1893.11344237
2839.96317722
3858.04560273
2811.65388454
1721.26060814
3166.16872046
3709.07001811
1722.58123995
2022.0567404
3031.03679
3506.88098408
1713.66946676
2027.4691011
