0.02113378684807256
0.027936507936507936
0.06140589569160998
0.023764172335600908
0.023219954648526078
0.024489795918367346
0.028843537414965988
0.06657596371882087
0.027664399092970523
0.027392290249433106
0.055056689342403625
0.02095238095238095
0.021678004535147392
0.0654875283446712
0.019954648526077097
0.024217687074829932
0.03292517006802721
0.040634920634920635
0.04353741496598639
0.032834467120181406
0.07392290249433106
0.08
0.025124716553287983
0.023038548752834467
0.04281179138321996
0.0635827664399093
0.020045351473922904
0.04253968253968254
0.07963718820861677
0.023582766439909298
0.033560090702947847
0.02312925170068027
0.033197278911564626
0.04634920634920635
0.03936507936507937
0.02603174603174603
0.08616780045351474
0.08988662131519275
0.036734693877551024
0.09986394557823129
0.11174603174603175
0.04090702947845805
0.03374149659863945
0.06022675736961451
0.11383219954648525
0.03727891156462585
0.03609977324263038
0.10077097505668935
0.1109297052154195
0.0380952380952381
0.0380952380952381
0.04081632653061224
0.03428571428571429
0.06267573696145125
0.027482993197278913
0.022857142857142857
0.039002267573696146
0.060770975056689346
0.022131519274376416
0.03473922902494331
0.06276643990929705
0.023582766439909298
0.0236734693877551
0.05015873015873016
0.021678004535147392
0.02621315192743764
0.03664399092970522
0.04235827664399093
0.056598639455782314
0.04589569160997732
0.08253968253968254
0.06467120181405896
0.02294784580498866
0.03700680272108844
0.04698412698412698
0.08199546485260771
0.0291156462585034
0.057324263038548755
0.06965986394557823
0.02294784580498866
0.034104308390022674
0.07011337868480726
0.03374149659863945
0.022403628117913833
0.04009070294784581
0.03927437641723356
0.07528344671201814
0.04743764172335601
0.06820861678004535
0.11147392290249433
0.0836281179138322
0.11374149659863945
0.04163265306122449
0.12235827664399093
0.12036281179138322
0.04145124716553288
0.07510204081632653
0.11773242630385487
0.10394557823129252
0.07365079365079365
0.05133786848072562
0.08734693877551021
0.03346938775510204
0.014331065759637189
0.009977324263038548
0.012879818594104309
0.07664399092970521
0.014784580498866213
0.026938775510204082
0.02566893424036281
0.015419501133786848
0.044897959183673466
0.07056689342403628
0.025396825396825397
0.046439909297052155
0.07564625850340136
0.024399092970521542
0.016689342403628116
0.04517006802721089
0.03972789115646259
0.01904761904761905
0.01070294784580499
0.05623582766439909
0.044535147392290246
0.08879818594104308
0.08952380952380952
0.0436281179138322
0.07437641723356009
0.07727891156462585
0.04226757369614512
0.0836281179138322
0.0763718820861678
0.04317460317460318
0.04353741496598639
0.06938775510204082
0.047165532879818596
0.02657596371882086
0.049523809523809526
0.0617687074829932
0.03972789115646259
0.04353741496598639
0.08417233560090703
0.04226757369614512
0.03464852607709751
0.08825396825396825
0.08099773242630386
0.04353741496598639
0.08462585034013606
0.08897959183673469
0.04426303854875283
0.04281179138321996
0.03310657596371882
0.022131519274376416
0.01786848072562358
0.010430839002267574
0.05904761904761905
0.06775510204081632
0.017777777777777778
0.025124716553287983
0.010884353741496598
0.02113378684807256
0.04344671201814059
0.06612244897959184
0.015691609977324262
0.05650793650793651
0.06829931972789116
0.019591836734693877
0.012335600907029478
0.04108843537414966
0.03836734693877551
0.039909297052154194
0.05197278911564626
0.03219954648526077
0.09705215419501134
0.05006802721088435
0.046077097505668935
0.08834467120181407
0.09768707482993197
0.046802721088435376
0.044444444444444446
0.09678004535147393
0.04861678004535147
0.030476190476190476
0.05015873015873016
0.0728344671201814
0.0690249433106576
0.04272108843537415
0.0761904761904762
0.07147392290249432
0.05360544217687075
0.07383219954648526
0.049886621315192746
0.054603174603174605
0.08
0.03773242630385488
0.061587301587301586
0.10222222222222223
0.04462585034013605
0.04634920634920635
0.044081632653061226
0.06675736961451247
0.0836281179138322
0.04553287981859411
0.05215419501133787
0.05405895691609977
0.07011337868480726
0.07510204081632653
0.04979591836734694
0.04625850340136054
0.08344671201814059
0.013424036281179138
0.02158730158730159
0.018140589569160998
0.05215419501133787
0.060136054421768705
0.027392290249433106
0.026485260770975058
0.012789115646258504
0.011700680272108844
0.015600907029478459
0.05315192743764172
0.07328798185941043
0.013242630385487529
0.06068027210884354
0.06793650793650793
0.013786848072562358
0.012244897959183673
0.05759637188208617
0.034467120181405894
0.031655328798185944
0.08063492063492063
0.04816326530612245
0.047528344671201816
0.07492063492063492
0.04816326530612245
0.0692063492063492
0.08843537414965986
0.04671201814058957
0.02639455782312925
0.09913832199546485
0.05913832199546485
0.07129251700680272
0.14421768707482993
0.06503401360544217
0.09605442176870749
0.09478458049886622
0.14240362811791382
0.12471655328798185
0.09333333333333334
0.05061224489795919
0.14140589569160997
0.12653061224489795
0.09378684807256236
0.08163265306122448
0.08988662131519275
0.04689342403628118
0.06385487528344672
0.054240362811791384
0.0636734693877551
0.034013605442176874
0.04353741496598639
0.06222222222222222
0.08498866213151927
0.02639455782312925
0.011882086167800454
0.022040816326530613
0.0637641723356009
0.08018140589569162
0.04852607709750567
0.08489795918367347
0.013424036281179138
0.011247165532879818
0.013514739229024943
0.04
0.05324263038548753
0.051156462585034014
0.027301587301587302
0.0674829931972789
0.01197278911564626
0.03473922902494331
0.055782312925170066
0.11310657596371881
0.05895691609977324
0.07501133786848073
0.049977324263038546
0.08480725623582766
0.10929705215419501
0.07473922902494332
0.10848072562358277
0.07564625850340136
0.04834467120181406
0.061859410430839
0.09850340136054422
0.05124716553287982
0.05442176870748299
0.08399092970521542
0.053061224489795916
0.05287981859410431
0.07065759637188208
0.0854421768707483
0.055056689342403625
0.052607709750566896
0.07791383219954648
0.05832199546485261
0.08761904761904762
0.07809523809523809
0.05324263038548753
0.053061224489795916
0.03365079365079365
0.03845804988662131
0.019863945578231294
0.027936507936507936
0.05514739229024943
0.06585034013605442
0.02294784580498866
0.04707482993197279
0.05605442176870748
0.03936507936507937
0.04217687074829932
0.0527891156462585
0.06340136054421769
0.030385487528344673
0.027573696145124716
0.027210884353741496
0.03727891156462585
0.03310657596371882
0.05514739229024943
0.04154195011337868
0.06340136054421769
0.037551020408163265
0.04235827664399093
0.02140589569160998
0.05551020408163265
0.03891156462585034
0.0364625850340136
0.03238095238095238
0.01786848072562358
0.05170068027210884
0.0763718820861678
0.03111111111111111
0.02839002267573696
0.013424036281179138
0.013968253968253968
0.031655328798185944
0.08081632653061224
0.08
0.07709750566893424
0.013877551020408163
0.013877551020408163
0.020680272108843538
0.050793650793650794
0.05514739229024943
0.034467120181405894
0.06068027210884354
0.06140589569160998
0.056598639455782314
0.10666666666666667
0.08870748299319728
0.054693877551020405
0.07392290249433106
0.052698412698412696
0.11074829931972789
0.09315192743764172
0.07356009070294785
0.040634920634920635
0.059682539682539684
0.06721088435374149
0.10312925170068027
0.08526077097505669
0.0508843537414966
0.07764172335600907
0.05315192743764172
0.03918367346938775
0.09578231292517007
0.09369614512471655
0.09877551020408164
0.10276643990929706
0.11047619047619048
0.10585034013605442
0.10793650793650794
0.09931972789115646
0.10965986394557824
0.10766439909297053
0.09197278911564626
0.10848072562358277
0.10113378684807256
0.10866213151927438
0.03328798185941043
0.02331065759637188
0.024217687074829932
0.050793650793650794
0.05106575963718821
0.02857142857142857
0.028662131519274377
0.02639455782312925
0.04943310657596372
0.054693877551020405
0.037913832199546485
0.05043083900226757
0.04653061224489796
0.027120181405895692
0.03419501133786848
0.04045351473922903
0.03619047619047619
0.050249433106575966
0.025759637188208617
0.021768707482993196
0.02893424036281179
0.049523809523809526
0.0707482993197279
0.036281179138321996
0.02947845804988662
0.01614512471655329
0.04154195011337868
0.07120181405895691
0.03473922902494331
0.04426303854875283
0.07736961451247165
0.02566893424036281
0.014240362811791384
0.013242630385487529
0.042993197278911564
0.06340136054421769
0.04426303854875283
0.06766439909297052
0.05678004535147392
0.0980498866213152
0.09206349206349207
0.035192743764172335
0.03619047619047619
0.039002267573696146
0.09061224489795919
0.0909750566893424
0.0963265306122449
0.09070294784580499
0.03854875283446712
0.04390022675736961
0.039002267573696146
0.06068027210884354
0.06058956916099773
0.05215419501133787
0.051882086167800455
0.10585034013605442
0.050249433106575966
0.07873015873015873
0.05015873015873016
0.059319727891156464
0.05868480725623583
0.0946031746031746
0.11029478458049886
0.06195011337868481
0.05560090702947846
0.0799092970521542
0.11356009070294784
0.05786848072562358
0.05678004535147392
0.05596371882086168
0.028662131519274377
0.022040816326530613
0.03156462585034014
0.019954648526077097
0.038639455782312926
0.0728344671201814
0.02158730158730159
0.030657596371882086
0.03709750566893424
0.05913832199546485
0.019229024943310656
0.031201814058956917
0.037551020408163265
0.07165532879818594
0.0182312925170068
0.030204081632653063
0.03600907029478458
0.06303854875283446
0.04943310657596372
0.014512471655328799
0.04054421768707483
0.06448979591836734
0.11510204081632654
0.014693877551020407
0.03301587301587302
0.0674829931972789
0.1165532879818594
0.04054421768707483
0.029206349206349208
0.06929705215419502
0.12090702947845805
0.039002267573696146
0.028480725623582767
0.07210884353741497
0.04435374149659864
0.030385487528344673
0.03310657596371882
0.03764172335600907
0.05913832199546485
0.026757369614512472
0.07700680272108844
0.0564172335600907
0.039002267573696146
0.09297052154195011
0.0980498866213152
0.061224489795918366
0.033560090702947847
0.11319727891156463
0.09505668934240363
0.03111111111111111
0.03147392290249433
0.08961451247165533
0.09650793650793651
0.03374149659863945
0.031383219954648524
0.07863945578231292
0.027120181405895692
0.05433106575963719
0.04253968253968254
0.0419047619047619
0.03736961451247166
0.07573696145124717
0.05904761904761905
0.10340136054421768
0.08
0.06639455782312925
0.08126984126984127
0.08680272108843537
0.062403628117913834
0.07129251700680272
0.08943310657596372
0.08816326530612245
0.0855328798185941
0.061859410430839
0.08290249433106577
0.03346938775510204
0.03229024943310658
0.056598639455782314
0.0799092970521542
0.02077097505668934
0.021950113378684806
0.016417233560090703
0.049614512471655325
0.07800453514739229
0.019591836734693877
0.016961451247165533
0.024399092970521542
0.04562358276643991
0.05587301587301587
0.029387755102040815
0.030022675736961452
0.08108843537414966
0.06666666666666667
0.024943310657596373
0.04707482993197279
0.023038548752834467
0.08163265306122448
0.05623582766439909
0.028662131519274377
0.047619047619047616
0.019954648526077097
0.08970521541950113
0.07392290249433106
0.03292517006802721
0.03691609977324263
0.02158730158730159
0.056961451247165534
0.061859410430839
0.06321995464852607
0.05442176870748299
0.04272108843537415
0.047165532879818596
0.06984126984126984
0.06684807256235828
0.05913832199546485
0.062494331065759634
0.06766439909297052
0.11782312925170069
0.04589569160997732
0.06222222222222222
0.07854875283446712
0.09696145124716553
0.05986394557823129
0.0636734693877551
0.05405895691609977
0.06848072562358276
0.06467120181405896
0.03537414965986395
0.021678004535147392
0.029841269841269842
0.04662131519274376
0.05605442176870748
0.029569160997732425
0.025306122448979593
0.03192743764172336
0.02802721088435374
0.04979591836734694
0.0291156462585034
0.05324263038548753
0.04816326530612245
0.019319727891156463
0.025941043083900227
0.019682539682539683
0.06784580498866213
0.02929705215419501
0.025306122448979593
0.02331065759637188
0.024943310657596373
0.0363718820861678
0.03836734693877551
0.03201814058956916
0.01650793650793651
0.04934240362811791
0.04199546485260771
0.021950113378684806
0.03328798185941043
0.05160997732426304
0.04834467120181406
0.018140589569160998
0.04925170068027211
0.04235827664399093
0.019591836734693877
0.022675736961451247
0.04979591836734694
0.04317460317460318
0.05605442176870748
0.03238095238095238
0.027392290249433106
0.06294784580498866
0.08997732426303855
0.037913832199546485
0.03501133786848073
0.06467120181405896
0.06303854875283446
0.033560090702947847
0.03419501133786848
0.061587301587301586
0.060498866213151925
0.03473922902494331
0.035918367346938776
0.030839002267573697
0.024761904761904763
0.04154195011337868
0.04507936507936508
0.025941043083900227
0.021678004535147392
0.017959183673469388
0.05043083900226757
0.031201814058956917
0.0345578231292517
0.04861678004535147
0.02820861678004535
0.019229024943310656
0.04317460317460318
0.019501133786848073
0.025124716553287983
0.03764172335600907
0.0380952380952381
0.02140589569160998
0.017687074829931974
0.021950113378684806
0.04163265306122449
0.05723356009070295
0.03546485260770975
0.021678004535147392
0.022675736961451247
0.042630385487528344
0.050340136054421766
0.021859410430839003
0.02058956916099773
0.04653061224489796
0.05868480725623583
0.019863945578231294
0.01904761904761905
0.07655328798185941
0.0690249433106576
0.04018140589569161
0.0892517006802721
0.11210884353741496
0.101859410430839
0.028662131519274377
0.10884353741496598
0.08997732426303855
0.035918367346938776
0.05342403628117914
0.10820861678004536
0.09605442176870749
0.036734693877551024
0.04770975056689342
0.057687074829931975
0.07564625850340136
