72944.9314638
118770.55643
129191.322807
79573.6128951
137054.559529
116069.808469
114329.753508
130334.229843
117182.800844
115628.146874
89521.0693861
85814.0278684
114147.027774
96179.652356
83750.316586
88262.2387645
126365.300406
137901.818315
137189.480317
77789.091039
110256.400532
85116.8173287
71702.1226793
131152.849256
116155.642739
67499.4379824
94222.3333857
94871.1070379
82070.318903
67926.372554
90320.1754299
63898.1198378
80276.9788173
80723.8843733
120911.835364
113929.493495
81787.4501246
79333.7444001
121867.123507
106237.839102
122727.24594
73607.3001512
63852.7399888
86499.761531
83837.7482634
47475.8933826
103334.595493
93876.2358204
64552.2859225
51453.3038921
110592.553586
78262.7385855
109208.768335
101225.173349
38666.6750018
62848.2516355
103288.019303
73984.943757
66041.5890086
66672.2196861
58131.3020969
63892.6501507
47967.1074326
49223.6972338
58634.0036976
56665.5242934
63511.218243
54373.8820237
41471.1957833
141699.154922
138075.943118
97238.8860159
166324.31952
68036.73421
55166.8174327
88431.4119719
78441.6791275
183549.388156
129065.039609
79336.6260364
89175.1781109
74446.835214
111318.276088
125668.12634
114346.112482
80547.803695
71945.8650092
108089.198766
111159.545053
176560.150078
141030.965636
77389.3100293
112144.367825
89271.8310404
111988.443631
111248.277833
162297.470294
109566.025921
92914.1026127
122298.290603
77066.1177236
106276.421321
137321.127473
124342.27687
148588.328769
115456.62794
102116.15609
126417.95394
141735.875023
131752.500269
180390.745264
135551.48121
105666.640029
76497.0370767
59966.3669352
108090.503831
133909.631586
112104.676025
145221.65044
93035.2859921
57011.9115189
52822.8084805
110620.702259
59001.0093122
97702.5012943
134455.495627
77961.2623184
105622.40081
88874.5937933
110884.411137
133548.790292
109437.549593
43762.5191883
131822.083283
75511.2072646
58756.760271
113049.884935
88919.4241729
60967.8884844
60230.394522
74357.6378283
59643.6669406
97963.5022583
99213.9446513
52014.8053672
47566.2542293
154535.234349
187588.857125
110051.542695
84808.2064919
68694.2542825
69295.0245923
132262.952238
134982.24726
112493.461491
64772.5864079
76823.6712836
74745.5711424
87342.7030745
94184.8110871
109775.53858
61739.8024883
75451.6902712
100670.588615
123325.950204
84794.1246443
53918.4429093
66285.2066627
74406.968118
62855.6186017
164584.43442
46900.5649517
125257.515836
46992.3834011
65006.9096213
80715.8777191
58108.7750542
61055.9067475
97715.262631
63754.0048758
65243.0304607
124161.165847
75126.3040634
130810.827024
171871.625659
121317.248066
91072.8843565
84309.6358579
81720.9151008
99331.4884472
100136.163203
141791.099873
134933.922877
136384.0467
73751.760529
83605.4016329
70254.7618957
99873.5161549
108444.880879
124651.450434
116545.092871
130494.263164
121266.903822
81948.5695922
122292.931595
135452.332246
118282.326874
75260.6998112
74756.624939
83133.1496511
61467.5965404
97993.8185894
73864.5781105
59325.1746021
73456.9500094
67587.9635095
44814.3634086
38175.4584907
68933.1994807
58129.2898483
56346.7609911
80211.0686867
51160.9176031
119994.658732
133286.335803
108747.391987
92415.1471564
63412.0241862
103944.720644
161698.145865
102193.672586
77339.7815016
56742.3245987
109777.138571
109827.864719
81638.808127
103667.68834
128582.587983
101057.106383
77762.3493795
116370.09462
96230.7581777
188854.312036
164075.225202
85008.6042964
66469.088831
94324.9432364
82037.9696117
129819.595626
165253.693039
128382.035031
77060.2404348
65060.0854086
89653.3559013
162348.384537
147608.424762
143630.604257
58990.3618675
164941.207923
144502.830281
210480.060089
118282.11738
63517.9238445
61602.9035842
65754.945136
133962.598202
106346.701626
188883.797438
64422.0315148
66997.3794832
114024.138079
89742.7301589
130644.881621
94118.7793366
123248.86076
63735.3818665
102704.330905
146527.020736
98015.5995245
79469.8040221
78891.0527406
99573.3775829
79255.8481765
44339.3364425
75557.4179131
61136.7202142
62528.554208
54348.4214508
66066.9131384
82916.6888722
60401.151488
114681.359838
159875.602473
180237.789083
141583.908515
126119.14845
124403.66878
139950.48709
116519.105346
190016.602513
119637.95733
110956.804195
88848.1905568
106776.443623
129263.49236
82826.3298715
82535.1684027
71118.1690389
132364.255088
62031.8779417
119418.478029
79492.097769
96792.9973147
65951.0253133
72656.3851412
58549.8918825
159562.60429
90839.5760006
103550.418011
102386.029585
58900.9416677
67804.861959
67499.2412215
68813.3332287
73009.5215129
82066.9233611
61261.9502916
107953.010495
142485.057014
95536.2029774
106238.711421
68624.0712052
57952.4099186
43651.3886692
129750.505935
88510.0341937
93460.134526
70172.5484262
41336.9020747
96006.3985537
57424.8634541
80568.7741632
67187.2966121
62271.0581761
64961.4822752
124508.350338
117956.413222
137569.438967
76346.6870787
95035.7219577
81125.8341582
89038.4330719
79790.4137064
65027.1708547
66678.3968179
61227.3018323
83526.1021618
59403.8277635
75626.7003564
56332.1493084
50453.3976089
141658.412352
99909.7783826
154146.111862
98876.9511664
130259.9182
100587.993101
125906.47336
95561.129734
98250.6072967
84653.2138802
80107.2476911
86218.6983481
89968.8553876
99091.7704464
66530.3470842
89633.7787865
86817.66386
141526.939273
120929.814069
107428.371442
82859.9653904
97163.306029
123871.876839
117687.686298
72988.8433025
89736.0675189
79170.0205407
76741.1409605
93908.5097944
106964.070309
87527.5601575
98633.5356949
92572.3474474
121332.239599
101101.925671
122466.068205
118400.166829
73655.9632286
54662.7637226
141507.280552
83619.0594764
71819.85734
87461.9080052
77422.9306693
62230.3289639
57538.1969525
47101.8909447
56607.527862
41877.7946617
72889.4634463
64719.9929062
65604.4702207
51704.970246
67280.294527
128799.380266
92445.4959574
170336.384513
86007.2829405
65902.2773035
76652.8922504
87688.6918971
67139.7407909
87283.9890746
57666.9045394
72413.9967823
63844.0531261
68010.0746042
82078.0213486
48471.7616847
81317.6200142
55536.6174043
123762.015899
142672.809791
59560.6552709
72314.6657758
133145.980546
67643.4557166
83141.8909808
127102.655494
100018.96039
54044.1488444
76453.259794
58571.8316214
64689.2634854
77518.9765825
77609.9715385
57206.9260802
66593.3115295
133871.867816
117073.32327
124039.506523
107480.521004
50240.0850802
112883.624907
84537.0048539
81150.0287206
93252.8295259
80223.5293975
85241.4950575
109195.661915
56587.2045358
56337.0691548
55119.4363367
53574.6464768
75180.6700512
72036.9612161
61674.6808242
106527.30174
107585.165744
125839.664545
54675.4613249
63433.8909742
44106.2051108
77535.0537755
75876.3099362
81147.8962775
40042.7338397
56251.0606557
55860.6722301
56279.4691159
39649.2388094
57341.8647761
67197.0102798
56267.3969694
50840.9801971
117704.329193
119280.696661
88359.2216276
129363.253841
55201.8733842
63964.3723357
54712.8646894
88273.1589532
60129.5039189
55117.7504815
43795.5560936
56285.1070644
50019.747824
74638.1861678
76089.9583282
50845.4863332
85061.2708676
155845.615704
112908.696712
135107.546342
115453.52279
84429.9971736
158690.596697
61173.5555786
72650.2299524
104824.964972
72852.8024553
86299.5926794
78367.518093
74740.8590576
96627.4788752
97558.8335663
97827.3543096
89364.553989
100959.957329
114483.435382
90084.8696435
74974.3454791
77081.7999627
69583.8981769
116851.287214
84637.2348343
64508.8526626
74268.619619
61164.2570616
101065.566155
58156.8221104
60033.913864
66170.5409687
70948.0770109
68154.7994096
50398.9755233
64861.1275658
73447.8673017
59997.0519367
61169.458169
36808.5472424
78287.7137571
120260.773124
58001.2863057
58558.3609772
64035.7661765
73961.3252825
88691.2408599
72519.4214738
60595.0659604
60188.389688
45333.9453243
59753.634184
38732.1252702
51333.0936805
42348.194561
47131.16233
92963.5667973
121310.991839
116221.821528
80223.4284858
67285.9064127
55524.7296414
68929.7446502
58007.3712782
60654.2717955
47245.7405415
47092.6812264
45610.2126419
55296.1944011
52416.6301107
64130.073974
59012.8140748
75418.3724596
45196.5827527
97449.2582641
97161.4846751
70900.6112439
60383.1032079
62085.633199
112278.719207
58486.3195801
140735.191747
94379.6335166
110808.835425
59481.3429129
50184.9704529
88225.0559956
65615.4168332
59628.6085634
63913.0625182
81434.5828734
72458.3219178
61624.9721316
54437.0024592
50230.878391
136410.207601
57490.1634333
93463.6507487
114911.365258
100863.464852
102774.909308
62677.4583222
78999.9317265
53571.0012061
47107.5608796
87704.2905704
66514.340341
71992.502743
69446.7895187
47509.7106832
68390.4970656
60623.6202668
120808.054701
79876.7540645
77980.1383588
59365.3836724
46744.7307306
50425.855615
94386.3161646
112310.422175
51530.87433
54604.3478363
51511.3719828
58998.3342475
65692.4683347
51889.565779
52686.6543703
130186.480915
120718.295224
92065.7503925
47965.1307883
60734.6110305
83893.607428
74645.5928748
72988.2818062
80732.7394471
46796.1703196
66352.2498308
43759.8419417
37353.6892732
50796.7335271
50382.9026386
44602.7024534
55745.1181745
38515.2770439
62919.2909526
94622.948371
137555.329797
131757.620505
105559.451667
99504.9832717
115683.698621
61626.113012
124123.512116
93044.4306971
119604.417493
113303.958494
71197.7548827
103872.641845
71540.4170739
84678.3689867
88976.4359547
93734.1680857
81235.6105853
71745.6024023
90639.1941828
156079.399895
101539.90186
77401.1551895
65682.7755662
109615.039286
67716.0512242
82398.9199986
77113.2557697
70609.6279648
89566.2528116
95292.8725991
102741.796498
64220.3137477
59194.9853104
75865.0913593
66375.4143579
147423.655181
128787.897004
136010.71621
68540.8138877
149410.274189
63172.6966748
61075.6528746
92516.44243
104856.642962
95521.3698126
71962.3534239
55969.6012013
99454.8812643
83197.8490969
69776.7986814
59184.1729153
100529.948927
67992.5538248
120813.752047
94667.013685
109911.222313
78931.7751305
58552.7460703
72313.4629996
72412.9689765
92242.9700707
94795.6981807
59677.4092225
46811.0137961
44030.4012266
47389.1892546
40679.5653907
60331.1966517
58079.6686956
74530.378186
52853.8458121
47265.9110843
86557.5577873
112014.232315
90574.8626423
84646.128023
131778.094821
87072.841073
71608.8723154
99191.1416333
236833.011637
94310.5794876
99174.8221807
61730.0684741
87460.3190391
73930.8704451
83561.4890762
90763.3777248
88309.5443908
104615.496697
97872.8603116
91155.2093636
69944.9006929
66768.2411416
160490.014242
86074.4439208
68973.8170714
169680.289404
77603.452466
139784.893576
97561.8989769
114024.664017
87276.8200526
120636.976
108404.330165
147740.332124
99959.2841493
73477.2370044
81211.9647001
72683.7467191
89968.6286852
89670.2919642
115939.229237
122021.656259
173919.787648
119421.236225
91847.5230731
102328.907822
100963.344354
73291.1922024
103288.120026
100375.691708
92175.2641436
73861.9348948
84286.4864761
86341.0696483
105356.030514
93370.5068466
51672.4917587
81926.0155103
111752.125565
69030.4419765
131805.427516
122262.238889
75153.50855
148390.396122
100178.607579
76877.1337811
138871.2421
76434.0237852
59612.2708565
91888.0466989
83618.9661068
57255.9805559
49975.4769697
50168.991938
51001.0465018
47014.0345688
73696.0040754
40081.8313795
61633.9778315
58489.862837
42009.1517376
78414.0339904
127262.975007
84230.9119574
58330.1603848
68437.260539
62551.2926926
78168.5673958
65712.25745
50848.7857167
43411.0807284
68188.6941609
56761.8003778
38626.9760869
39438.464153
39625.9533672
61099.2759849
52773.7905458
44922.525519
57492.3453554
114274.346754
195435.214746
151788.192046
108846.73764
108212.243605
62864.1622384
121889.328849
111359.080797
99408.0022478
144092.136541
117151.652698
86580.336581
62731.6951564
89853.3114926
124109.789313
132990.303163
96994.0219416
143783.502813
157695.935238
108845.018377
67028.9969476
62463.9112219
119844.238426
129766.173885
160585.00757
146004.23803
112073.672582
142411.007618
156593.464205
182059.314497
94414.9043863
107751.447899
121006.891689
118675.881642
160510.372278
172716.991285
94783.1805858
184697.670597
115389.616147
174593.835669
95721.0351862
103428.321079
141329.379228
167222.458393
89039.3516863
122694.190811
52590.9157572
54066.6642011
133547.105979
98335.3732715
85915.1510054
90933.0660542
43140.9435671
39961.7516676
53022.6292569
58665.7999812
65445.7601583
74688.299448
57260.1402936
51707.536438
132714.157901
90379.040178
147524.915186
70068.1293939
93470.2912034
113194.196533
195524.077413
91598.3341782
86637.7386623
91842.1870776
60241.6809793
62419.8526615
66464.5393797
57692.1255173
61260.9522598
67390.814691
49727.6260197
58864.5802287
66716.2479528
