1541.76812582
2095.64284332
1772.36161251
1765.76692939
2206.77769242
1382.52886249
2320.53455756
2036.25121304
2276.89425704
1990.84851295
2652.58129395
2243.66274153
2452.82960056
2481.14827518
1567.63011314
2011.36982182
1993.1558357
1857.25390928
2480.14270894
2347.45535281
2013.99138254
1764.2217728
2144.04360967
2255.6909441
1626.3648304
2109.14643146
2274.12634873
1946.37521151
2474.42970225
1944.95934251
1710.40582142
2351.29408239
2756.49805671
2510.17651476
2013.39012914
1805.14092954
1973.88856276
1905.13264374
2596.1166704
2335.30899547
2112.40234119
2425.95871072
2432.41952305
2957.95520462
2582.34930493
1910.87573102
2154.8249294
2169.66084038
2396.93789206
1940.50295614
1683.99449908
2149.27342331
2601.92498313
4546.13887181
3814.0569382
3557.75685201
3750.25103833
2906.06952159
4575.16771841
5007.03664131
4514.81398887
4174.99318151
4137.73006786
4342.25001718
4740.44085562
4699.27734954
3693.86853567
4786.66501374
4528.78638999
4720.29434813
3365.29657917
3468.47221031
4064.1836448
4242.3920958
4115.12305907
4573.11006429
2951.11854483
4746.06319005
3322.54811958
3577.21179536
4134.16049224
3253.80599714
4785.60712434
5561.49806772
4966.86212839
2430.66386586
4734.14704811
4157.09064349
4742.71570102
5701.83567827
5815.3735027
5267.29251734
5823.65918645
4359.01862515
4679.59045014
5806.64265506
3950.43107671
6437.61548241
5627.044866
5536.11428024
2659.41626963
5569.17578859
3945.34822838
3626.67886861
4417.18713232
4921.98066289
9304.20365473
5106.1703885
6836.54656774
4998.94535743
4417.72577331
2252.57552248
4279.95123216
4468.40217833
5346.82749467
5040.97219018
4817.24730036
1975.63977773
6677.26726468
1570.24815338
2231.81354812
2310.7950561
1655.65621518
2300.28069176
3387.52188601
1897.08643735
1832.76189196
2957.56767323
2609.75472216
1572.2012752
2158.08151917
1960.37922373
2748.93894714
1514.63563778
1197.20707584
1939.31845422
1682.211831
1821.65808093
2198.90491398
2177.92400802
1923.6694547
2057.82380972
1383.33242752
1968.35071601
2437.36246767
2761.41988074
1713.29428984
1628.67460259
1815.08829428
2747.68307884
2049.33183463
2223.54756643
1794.46265562
2287.64906261
2032.90515696
1872.68872604
2152.13693255
1890.4893273
2034.91459565
5254.80807724
2377.23764188
1945.38825765
1991.86183324
1246.14791796
2014.10843618
2361.20385584
2546.12379115
2538.0369422
1173.35193611
2616.26816948
2555.35769127
2798.07745822
1779.6226365
2178.19020845
2189.84061818
1704.51045383
2355.99389597
2485.93173804
2524.24603224
2677.58889608
2570.26099017
2356.24037011
3156.59578457
1927.47094866
1712.13074596
2264.51201061
2411.14634098
2801.98206413
3123.53554544
3373.49886994
2784.79198303
1878.91568861
2303.41737997
2502.45918942
2296.57033881
2375.26310042
2404.21800124
2035.45051415
2270.12661618
2691.21442344
4101.01334923
4971.47974112
4264.42316169
3211.70193008
2228.43615667
2801.77827383
3403.81917435
3409.79626698
2931.35951854
3570.36163694
1499.84858739
4056.67404743
4046.64645202
3224.81206948
3078.79350029
3565.50987441
2967.69659549
4121.43860495
4352.73564542
3901.18206175
3980.50571251
4055.70856601
3905.90453005
2386.76901481
4187.84882195
3762.96439685
2744.04567553
2555.44076692
3941.42165761
4792.14282992
3223.02840821
2856.43767547
4161.88983991
3202.75866324
2810.9237901
3523.94267874
4140.08308321
3340.54511178
2862.34697661
4195.56848686
4734.75362542
4730.20686798
4738.62950049
4784.80493454
2602.43688211
4458.85514854
5002.50342344
5271.94407975
4975.51197376
4487.57805792
4124.10581301
4974.75936981
5266.79451235
4767.10334447
5042.73828618
3683.24975626
4400.8271611
3941.89166097
4704.27474341
1827.40276551
1932.84596215
1665.57741361
2315.03985314
1721.092808
1363.14678768
2243.85106723
2006.58395311
1900.62091621
1686.80868177
2071.65547644
2061.12070002
2105.34626673
2718.46951644
2124.95456299
2309.82709994
1967.31242897
2088.27243074
1713.49200522
2196.71258884
2145.3660829
1819.97490935
2521.58952145
1617.55175645
2372.67730188
2491.23157999
2396.40724209
1316.78795599
2042.21622805
2924.52067338
2600.21629723
3505.00580909
1996.06552705
1297.39065422
2941.23077504
3279.18614811
3048.9966349
2652.4441951
2039.59903042
2041.99972039
1761.18111921
2032.41915707
2652.57468573
2933.45468286
1911.66100659
2784.61268034
2856.78974833
3188.4901207
2364.192267
2350.12279651
2970.37267991
3325.20621449
2289.5097117
3312.71373641
2240.71660592
2927.29338889
2721.36187248
2207.49263343
2439.37135479
2078.02812898
1942.05209075
2143.31217434
3473.35256362
4749.89623264
4235.18354441
3145.50913812
2244.18665504
2664.80370068
2302.92464981
3185.18914098
3427.53024894
2634.11946358
4642.6634178
3056.65231343
2047.18089674
4058.98976927
4500.2910308
3801.98153324
3266.28173526
2221.76461698
3458.43256556
4012.94917331
4216.88982401
3659.80040724
4106.07351903
4094.93318163
4681.84738816
3663.16122556
2755.41762334
3300.97184627
2234.9590238
2955.6546413
3200.77920565
4059.66771351
3059.96110285
3780.82282752
2145.49822212
3481.82232458
3202.11545302
2218.318229
4336.28365894
3051.81985727
3572.59922831
4084.70277121
3456.58918124
3342.91091241
4535.14494435
4829.13105936
5193.27503435
5114.27193061
4185.99860688
4023.8614637
4421.41444292
5324.76252924
5961.41542973
5165.51779722
3735.0469318
3770.74553884
5353.67252426
5692.09454266
3481.45141526
5439.17964207
6013.18757481
5658.61520966
3785.17683618
3359.88787933
4268.67539607
4814.89736795
5452.41012509
1790.27005077
1832.10266106
1571.86999395
2608.27486628
1523.70795242
2198.51251075
2162.21748928
1930.17985214
2619.78628558
1325.79993765
2409.63534825
2062.11198826
2061.9232218
2270.73221774
2460.62434388
2074.50160109
1380.45705272
1580.6318327
1742.58622378
2158.03535201
2101.65587357
2684.05824156
2063.21600791
2464.16560557
1616.0903088
2001.19294371
1217.63938857
2777.85021468
4510.78597679
1949.96423706
1820.83957779
3056.05982444
1864.42775068
3165.62297276
2292.60516712
1097.70988593
2167.10480838
3009.89713654
2832.01117937
2011.49731859
1917.74138153
2359.54565951
2111.58812101
2932.98171639
3104.93825315
3077.54969066
2256.70837668
2359.28135516
2314.42187647
2386.16550265
2591.07865817
2727.75735037
2532.19522762
3230.47267119
2421.99655258
1872.6239424
1970.6212592
2026.38515199
2153.51676459
2634.89010785
2240.38202263
2139.04409663
3466.32581261
3933.68562092
3111.46502346
2550.84112716
928.984674599
2683.73736908
2951.05446917
3470.75981153
4276.74599578
3509.4696134
2586.37223577
2656.47815075
3856.98546867
4170.06310579
3729.58043817
4241.03017699
3401.4320383
2678.15847184
2865.91167575
3628.13929372
2335.95228945
4735.84902211
4964.1178911
4835.33989573
4157.40396682
2779.45976358
2537.01336709
5308.20329575
5139.69889426
5304.66680407
4043.43176585
3956.03605491
5233.9818522
4752.22967011
5423.20733079
5124.5715412
4057.50993347
2538.04711637
1931.69936031
2267.63703031
5936.94307556
2238.33886624
5953.40196003
1510.79451527
1217.56254117
1740.85833043
2510.63897943
2851.74268652
1461.57098834
3062.38041063
2092.13290851
1305.90130708
2244.75171721
2299.88121314
1945.10462938
1996.10673645
1286.0446145
2211.10699136
1938.15722317
2167.69625289
2358.5955907
1831.8073614
2837.7247347
2313.4242195
2909.42755143
2116.62316042
1582.73165066
2485.36525551
1905.08255941
2134.02770328
2765.08310654
1988.79763157
1755.76363525
1783.42441069
1973.85949615
2169.13813928
2345.70329939
1860.07080815
2124.88064852
2323.76069473
1778.64376298
2094.16637872
1943.30504695
1924.26877148
1758.89887718
2634.77168021
2090.37820853
2569.64658698
3031.96988302
2560.51256036
2639.07236995
2109.4152095
1954.62441654
1343.05133658
3037.86731145
3284.64111783
3229.24946206
2803.53300815
2591.57736498
2028.28736234
2701.11530919
3173.92756896
2871.31603651
3139.4488152
2404.97296306
2191.0009255
2672.46852352
2901.96933362
2774.31938749
2863.26966841
4071.36428078
4032.38831056
4612.42339055
2595.955915
3172.48376278
3327.40236546
4509.3099774
3703.23821519
2106.42919773
4766.92837515
4633.99947345
4496.02945149
3301.9647065
3060.04113097
4360.3132749
4509.86749301
4512.05448783
4323.86544591
4479.32572383
4564.8230324
2392.37756623
3961.50913632
3942.69751944
3773.2973778
3136.22964448
3399.15816314
4311.33913677
3605.60324924
3890.52633458
2373.5567985
4046.24585388
4466.9161665
4077.81563509
4408.0856173
5113.1609595
4792.32397185
3434.43145184
4582.2154635
4992.8713521
5253.22575336
5401.28574451
4737.71147568
4970.10892143
5346.60627692
4336.69744051
4555.14536925
5369.234595
5056.7279346
4869.43597188
3741.59252502
4322.28874068
2106.95010994
2148.71524442
1999.8031315
1483.55954133
3096.05451301
2536.27347804
1683.11614207
1009.13845379
2223.21518387
2319.21901193
1950.68089021
1883.26614609
1704.26632599
2320.08163397
2119.2134344
1676.5190452
2178.04028081
2423.71217473
2536.58204962
2479.97471775
2283.47184066
2257.21803694
2036.5097921
2601.71543052
1953.01854155
2476.75827343
1899.2934053
2271.20765885
2647.46962671
2279.11720422
2077.61784564
2254.73373129
2280.04680943
2021.13965149
2207.19437106
1908.59481245
2152.35895247
2557.44779866
1970.86780539
2790.06872169
2290.76348358
1913.49335455
2289.27678921
2192.31496838
2197.86887925
1777.93447779
2182.68623722
2394.51264406
3051.65541098
2935.41329919
2802.88191244
2555.2572768
3021.21126998
3217.26179232
3443.42919261
3593.92993191
2656.76112627
2788.16940093
3314.41722548
3549.82994073
2178.61655119
3657.73149816
3282.40973625
2522.36565757
2751.15520321
1963.25717968
3234.72128912
2621.73118397
2880.47193168
1731.14878692
2193.65101035
2988.1671884
3363.74350049
2952.9792936
4519.93668933
5187.19372191
4124.22294695
2386.39562954
2382.38579501
3165.02306054
4168.0714909
2228.10258066
4767.35189047
5595.72852989
4800.34719502
3497.68276968
4203.45724037
5297.15621746
4993.2544077
5064.48279195
4099.56429685
5204.8038449
6922.40447955
5218.70557511
5141.93201153
5223.18535253
4529.09930351
2768.97495381
5187.64915877
4168.94975371
4088.38656367
2618.93419065
3853.95149676
5944.89051785
4582.71708502
3123.94689617
3802.15790445
5133.4761646
4619.55703315
4527.79896909
5603.66055714
5082.52386975
4724.26028779
4472.00551813
4925.13001731
5543.27236519
6057.10957056
5815.02832682
4787.93986075
4271.90465883
4689.19981202
5550.89989885
5399.19301497
4961.1208861
6324.98659974
5512.51563798
3480.95055792
4458.26905061
1935.1883164
1978.27902477
2417.38373467
1887.30520815
1645.70811178
1809.36699581
2177.00231777
2364.63938905
1883.05137787
2142.85187857
2312.0010252
2462.67678802
2335.81397037
2524.5712905
2505.15006848
2227.28875352
1944.64927738
2234.99017336
2074.4929528
2147.61383707
2345.14116761
2168.66995557
2111.27386945
2176.94164922
2262.83972637
2684.66673675
3343.96615733
2807.43967956
1764.93638153
2568.96177334
3336.26988487
2596.26523961
3429.68882542
2799.99697065
1704.72735924
3155.96542208
3409.68184745
3707.71470168
2709.40969741
2493.07279523
2414.92159342
3258.18893847
3406.40256742
3139.94481407
3357.38084751
3590.74885984
3321.4885652
2974.43492975
3561.14296323
2831.79201292
2806.35472772
2463.38275768
4043.54576929
2643.76282243
3083.29993622
3266.77909153
3215.43574487
3341.86795234
3007.72007479
2530.08319129
3036.75089937
3037.21270065
3830.3503583
4586.60243249
3653.14049845
3563.6086834
3737.9362852
4191.48439026
3504.97366797
4100.22938621
4441.69446436
3777.47521641
3157.70332021
3708.69583822
3254.77417515
3818.20655727
3565.65996057
4040.82520899
4675.08252564
4131.07811582
3318.51570472
3632.18605517
2322.93040111
4810.99863337
4900.44950313
5287.3690013
2410.48563473
3903.67004674
3877.27085908
5045.8794103
5135.38631757
4849.54752341
4167.58310319
3958.61746471
4594.19866537
4944.51245464
4528.55282889
5065.03882246
3721.4972157
3691.45459172
2067.03542901
1647.58250029
2374.23321034
1884.73280927
2576.2171533
1427.84288231
2855.41059496
2408.75494462
1707.52560782
2186.45323052
2401.91829356
2244.87123921
1626.39818197
2178.17800191
1675.02495601
2329.93896439
2817.67208618
2706.28793475
2388.22709703
1840.72696043
1823.46885263
1811.44046887
1653.32506293
3126.28915731
2308.42731293
1940.20507718
2146.48899117
2040.92777185
2451.64930293
2392.92427875
1965.86215004
2570.53803436
2158.00574617
2079.28543333
2374.12063505
2405.87164378
3208.64726943
1511.37946664
4365.48083638
3446.47949652
2726.92209559
1729.86663362
3017.43535608
4351.45333321
2526.44612063
2495.33563833
3780.61077705
2577.12731059
1686.51217334
3465.52416548
3690.66511075
3807.06547659
3398.57987181
3033.74042626
3297.43214489
2452.13507168
3660.02521555
3349.9407728
3051.58775239
2643.22312225
3623.18225439
3763.09226316
3530.99941939
3469.4355719
2771.52520105
3279.21403957
2662.36874542
3400.55348192
3107.73347459
2623.97418251
3707.22153997
2956.91159607
3387.50793322
3075.90216049
4042.70969164
3998.95435425
3487.45830471
3271.2098377
3653.66488802
3627.82830019
3292.49484965
3361.68915353
3401.97194785
3001.95344687
3381.70663511
5218.19523985
5699.61835217
4198.28648993
4175.50238947
3808.26233179
3789.81236713
2715.49871605
5523.72814226
4458.17497667
4511.25489591
4069.99335713
4208.66948241
5319.59348167
5388.45885147
5959.49870856
5087.5900778
4091.83950577
3651.88328683
3547.91092797
4041.51075265
4574.51593843
4847.38122797
4531.28833254
5075.84128751
4375.2652345
5415.74705315
5113.29095561
4960.71896354
4883.88381064
5092.3397148
4871.70886137
5577.48641923
6008.21797561
6025.11027086
4343.95387018
4674.69634876
5117.6259139
5828.12122889
4467.42682765
4571.60251676
5689.60099362
6064.2715303
4241.07646861
4767.24190803
4636.04506253
4435.57492186
4650.78695185
2021.97273777
1117.57244992
6548.59304026
2560.08042518
2221.96527869
1635.94046388
1706.33112919
2524.87344625
1476.6590491
2922.31492096
2545.83451919
1416.06852245
2179.81761215
2693.91602302
2361.46944719
1798.4423772
2204.31384684
1785.98581087
2450.907523
2631.78791349
2691.51799474
2600.78468916
2472.24488587
1989.53363431
1770.3852096
2057.01473359
1738.74225368
2209.76447782
2871.16731231
2525.72973125
2114.07492924
2537.53511139
2472.67026188
2396.82960781
2429.72115432
2705.25908798
2178.53987848
2185.49028037
2269.46377372
2222.51647572
2219.61226319
4316.22691126
4207.60710044
4427.94663507
1900.46167375
4367.07941229
3512.52735665
3400.51850561
4010.06900033
4613.71889795
4316.59143154
4075.07084575
3144.88948779
3716.41212852
4530.06423129
3439.39788981
3374.72850415
4059.91854545
4336.7358285
4704.71129959
3442.95225195
3268.46807403
2017.85111673
3217.81341138
3449.70196794
3247.81369519
3499.20665033
3313.41381668
2269.15790356
4466.72912381
5178.17668158
4936.56522478
4086.29268616
4772.70766373
4486.62399208
5335.23272359
4762.4874272
5558.54560755
3933.23090953
4292.03333612
5248.69545906
5158.62012551
5360.81512979
3044.56328833
3852.1123119
2311.13315891
5002.96703181
4743.35191275
5111.90446495
4324.34197443
4802.86266412
4708.48944739
5575.57612554
5704.73103633
5370.8941253
5177.10199182
4634.87096382
5237.68500376
4485.34226592
5803.43989155
5998.88291917
5680.50516493
5162.29873116
4762.38810215
2120.22098692
1305.2820078
2506.00223844
2209.46881759
1177.4452796
1934.94896682
1644.87055501
2459.0821417
1518.67374935
2896.16140614
1575.69452535
1563.92256328
2381.11207596
2683.51996149
2066.81754606
1824.43741652
2242.15693031
2054.18865281
2984.40686993
2538.87247594
2288.54617778
2194.60320749
2549.91913921
2386.97009115
2920.20919653
2102.05427767
1807.12744718
2125.44909551
1816.52298663
2992.13376037
1710.05865215
2588.17519356
2652.42640608
2474.13906715
2336.82134792
2758.12192399
2239.23229549
2311.49282406
2322.20740848
2043.74505832
2223.72846625
2055.63470747
2252.29338069
3918.19401963
4468.62644013
3554.7764162
3321.42553339
2914.1427663
3565.7463024
4100.37122339
4640.90775585
4554.69662738
3814.57838085
3546.23908998
2817.88937447
3413.12968989
4409.50834419
4171.84865044
4299.52899425
4598.94238282
2560.40417934
2447.21166938
3737.23477788
3224.65313869
3676.95489709
3206.40406785
3249.80518267
3066.02652505
4045.42755225
4954.61927907
3952.14452845
3653.45746407
3063.90920646
4029.37510929
3509.74588589
4700.41436562
5450.4736834
4500.84799473
4185.22002089
3840.93989612
3556.07386851
4421.12256542
4778.86501712
4868.61071246
4031.64929659
2435.81375088
3251.58343041
2743.34415771
4683.07377625
5060.52647659
5833.8764976
4648.67998829
5228.88958862
6085.85499556
5820.20716002
5389.26159336
4400.85556593
4961.76637255
6071.34143117
5597.99021405
4694.63034135
5474.42565465
5566.6756365
6029.47662828
5438.1908679
4367.7095693
4933.99281259
1722.55964675
2379.72769804
6166.72998604
2090.38302685
1951.91152044
1114.50297037
1457.35337381
989.725866943
3088.46252915
2505.43333153
1595.5372823
2550.62747511
1640.59085809
1389.65256148
2313.86335333
2145.10296295
1877.90372418
1875.057513
2283.3491623
1730.51069729
1872.4274351
1875.89075556
2582.15450643
2873.65425151
1989.00984543
1745.69958608
1702.4957417
2170.23184462
2022.44198769
1991.89643048
2587.82155583
2358.44442504
1832.73605889
1612.76845325
2097.66862831
1757.68603298
2821.77718803
1796.80020527
2096.28416615
2066.43985239
2012.36986567
2176.90102644
1880.21000722
1901.46202581
1981.25227139
2204.12479209
2394.34430384
1535.49840793
2338.59376739
1910.40097648
2131.12974657
1940.96587355
1651.19458458
1897.64965912
1827.2319859
2196.32914432
993.484166474
2593.26744792
2068.07597338
1973.96575881
2673.00500437
2113.73874041
2603.5645899
2302.33909652
1403.13909199
2539.69114857
2535.21912209
2183.28849139
1900.38166697
2203.15374417
2791.41539056
2403.23286379
2821.78001711
2700.43465777
2980.74301626
2453.62488331
2376.54912153
2452.86374675
2438.13604504
1936.05584086
2016.01507874
3157.72804133
1916.11998606
2466.84559426
2487.4553877
2806.13639627
2181.04641895
2622.45089992
2356.62279734
2523.4089228
2776.19856059
2437.62801927
2376.25027224
2320.9536835
2577.88366632
2149.49802198
1753.40241552
2168.40737166
3651.62298676
4755.05260962
3981.80299674
3194.89804702
2798.78528722
3001.92563585
4457.01864764
4719.269396
4626.20489626
3315.51412888
2971.79355828
4385.19208992
4564.9352468
3059.72931412
4588.07829598
4599.34713659
2683.54458739
3621.67603993
3325.96383849
3027.83204366
2227.27984383
3429.20672657
4070.61666633
3710.58902143
3600.9667601
4980.34758049
3193.78196984
6067.53407711
4733.36589412
2706.46955385
3950.26569371
2531.49424679
7465.49848855
2703.94545324
2532.11533956
4188.66403891
1985.73471801
5865.77227147
5775.75104198
5355.96966451
4958.54882809
2577.85726531
4025.03729699
3979.32006919
5921.6894536
5991.68401613
3940.98242608
5902.97723354
6539.29655468
5799.13381051
5802.75232481
4148.45599695
5520.28856784
2397.41131655
5609.88325292
4819.32673494
3564.28233829
4084.14043767
2376.23684422
4734.27660549
3774.71944286
3945.1224671
5568.97323647
3846.23906482
5852.05338204
5358.36387024
6299.32871674
4934.77307661
4888.21593815
5016.72006968
5991.66208293
6179.62509203
6041.54199052
5475.39686445
3514.98572896
5071.25318008
6252.63321526
5754.03954243
4380.07095188
5528.62201293
6342.08002839
6321.36558988
3028.35924039
3588.15697435
5546.39434385
1611.56945564
2805.00479271
6660.540326
2138.50658143
1360.19975919
2029.63201584
1667.49308463
2415.19243555
2604.01701455
2739.64993932
2155.88460724
1848.28115002
1811.97202297
2384.63196763
2378.04406766
2421.96281517
1802.81049909
2152.34741467
2112.67406553
2049.60982117
1744.27982249
2337.71504687
2353.86653748
2156.03069335
2514.57084511
2419.12791445
1666.08984615
1662.54117577
2032.18427538
1907.29613667
2241.35861962
1585.97712125
2494.31301662
1941.40969477
2543.55781118
1926.24818731
1828.63622159
2625.9239699
1790.81128261
1883.87201281
1876.84063927
2668.96933961
1918.96808047
1836.63962797
2012.26538849
2471.9093436
2591.07539884
2031.90331624
1774.77028552
2148.55867671
1843.05183458
2170.9091633
4344.81734435
2357.82416883
1921.86819351
1795.57303005
1924.8414019
2157.29131155
2327.3565702
2715.7527869
1952.70828072
2364.00069436
2737.66246847
2122.13979201
1825.02592035
2450.52148056
2219.60460903
2077.3482431
2141.82222322
2264.71696905
1820.19837675
2451.88862954
2544.68863048
4095.18472925
4591.69997081
3954.97582988
2321.63639705
3449.06733549
3936.04309767
3362.07408684
3686.53890026
3402.28693059
1983.85070679
3778.11629501
4926.29384922
4770.44258234
5189.81316848
4010.7063856
3538.98955105
3853.82534863
4066.17881872
4652.70594095
4332.85963677
3811.1076362
4707.11775853
4388.13473567
2633.35053502
3922.79711958
3017.2237822
3615.05315637
2876.15343468
3357.27024758
5816.47417199
3882.73655099
3556.60993177
2962.75938311
4071.23350576
3033.27530778
3919.21877328
2973.98543267
5315.12907509
5589.31769219
4487.12970635
4345.35330966
4302.35214624
3925.09678331
2784.18835967
4556.60808046
2225.16239547
5318.67227445
5643.07000209
5334.83590843
5108.27950165
4949.59263075
4847.58734454
5517.30032267
5549.57066087
5500.32379424
5416.08519709
5482.54657827
4985.19767214
3671.99577751
3849.22574026
2506.63319876
4649.26231621
3966.87589422
