0.018663194444444444
0.01490162037037037
0.013124173280423281
0.025122549019607844
0.016844411375661377
0.014973958333333334
0.017597853535353536
0.014442966903073286
0.018566743827160493
0.0151203165374677
0.023812342171717172
0.026869811621966794
0.019433243727598568
0.023887028769841268
0.0249732905982906
0.02437408625730994
0.015424679487179488
0.015921966374269007
0.012387387387387387
0.025945216049382717
0.019342058404558403
0.019491792929292928
0.03486689814814815
0.018432328605200946
0.014486882716049383
0.03022203947368421
0.02700206855791962
0.025713213213213213
0.032945547767393564
0.03897112573099415
0.020467122395833332
0.04711866471734893
0.03705670172599784
0.055183531746031744
0.029947916666666668
0.02566550925925926
0.041298400673400674
0.038615319865319866
0.03476673789173789
0.04600694444444445
0.02914186507936508
0.04879833877995643
0.06359953703703704
0.056666156045751634
0.06743827160493827
0.07737268518518518
0.04249855324074074
0.057053376906318086
0.0632595486111111
0.08445945945945946
0.04398148148148148
0.07575757575757576
0.04482323232323232
0.023244598765432098
0.12632181186868688
0.06909079218106996
0.04432683691756272
0.07846602182539683
0.09347380050505051
0.08718171296296297
0.07326388888888889
0.07405753968253968
0.1359027777777778
0.09132339015151515
0.11348017939814815
0.10928819444444444
0.09387112403100775
0.08325892857142857
0.12021329365079365
0.011566840277777778
0.010528673835125449
0.014991554054054054
0.007743969298245614
0.01939915458937198
0.03220785440613027
0.015988372093023256
0.020929783950617283
0.010028326023391813
0.014831349206349206
0.018252627627627627
0.02123015873015873
0.018799603174603174
0.019870003387533874
0.01689236111111111
0.014539930555555556
0.020035660660660662
0.019026839339339338
0.020268087855297157
0.014193881381381382
0.013244047619047619
0.012276785714285714
0.025436046511627907
0.014501633986928105
0.0203125
0.010881696428571428
0.019915674603174602
0.017383954678362575
0.015400985663082437
0.019764957264957264
0.015581597222222222
0.022850285947712417
0.025558035714285714
0.02334210927960928
0.019756944444444445
0.019330929487179488
0.018718839031339033
0.016792929292929294
0.019184573724668065
0.026340060763888888
0.03133979885057471
0.016319444444444445
0.015230429292929292
0.026041666666666668
0.04248511904761905
0.05198317307692308
0.014513888888888889
0.028890669515669515
0.037624007936507935
0.02199074074074074
0.036317567567567564
0.06355406746031746
0.06064658408408408
0.039127280265339966
0.07917687908496732
0.042631172839506175
0.03188295717592592
0.05785334967320262
0.03921682098765432
0.03463541666666667
0.04028566919191919
0.03584346064814815
0.04189814814814815
0.10546875
0.031336805555555555
0.05580357142857143
0.08922371031746032
0.0461121632996633
0.057442632850241544
0.06971153846153846
0.0685763888888889
0.07197726407914765
0.0978525958994709
0.053062678062678066
0.055121527777777776
0.09035326086956522
0.09230324074074074
0.010959201388888888
0.009653829966329967
0.013748123123123124
0.016617063492063492
0.02211130401234568
0.021611590038314175
0.015602742165242165
0.014384920634920634
0.014534366096866097
0.025270061728395063
0.021366003787878788
0.030691964285714284
0.02713155864197531
0.022665895061728395
0.020755828373015872
0.03570449561403509
0.022099247685185185
0.021434294871794872
0.019341362847222224
0.02673611111111111
0.024439102564102564
0.031912463450292396
0.028330176767676768
0.03333333333333333
0.009323559670781892
0.05999018719806763
0.023459757834757834
0.058295355902777776
0.03658492476851852
0.02628968253968254
0.036328125
0.04971819645732689
0.03521412037037037
0.03290951797385621
0.04249614197530864
0.025189686213991768
0.03148509837962963
0.023763020833333332
0.024034288194444444
0.023561507936507936
0.023617097701149427
0.03397147147147147
0.03423713235294118
0.028130425347222224
0.020941840277777776
0.027092470760233918
0.03459069865319865
0.023809523809523808
0.04154007523148148
0.03002025462962963
0.03967649051490515
0.04359711857379768
0.047688802083333336
0.03220633239171375
0.03688312647754137
0.039005887681159424
0.03243371212121212
0.03686683006535948
0.04092394533571004
0.03649450231481482
0.04488570601851852
0.06730143229166667
0.05596673976608187
0.04923115079365079
0.06894041218637993
0.0532507183908046
0.0830150462962963
0.09052579365079365
0.05453869047619048
0.06520280934343434
0.13226116741741742
0.15832175925925926
0.05824652777777778
0.1067284891598916
0.11968580623306233
0.047935956790123455
0.09141292735042734
0.014008620689655173
0.012702546296296297
0.013421474358974358
0.016575727513227514
0.021595528455284552
0.01707957957957958
0.012663398692810458
0.014848318713450293
0.020777925531914893
0.02934966216216216
0.02013888888888889
0.023008701472556896
0.023395155826558267
0.02044359410430839
0.017503156565656566
0.01857311320754717
0.017970596926713947
0.021398578811369508
0.012284301346801347
0.014919704861111112
0.010745929118773947
0.021180555555555557
0.028977736928104576
0.019014550264550265
0.015540994623655914
0.015153769841269841
0.01864035087719298
0.013339120370370371
0.025366512345679014
0.03414930555555556
0.022598379629629628
0.021435657596371883
0.021731846978557505
0.016823743386243387
0.0328718932748538
0.020146122685185185
0.025682471264367818
0.013330853174603174
0.023735119047619047
0.015323067632850242
0.04232913011695907
0.03729645593869732
0.0258022030651341
0.039388020833333336
0.017083333333333332
0.04071180555555556
0.03721438172043011
0.03951719576719577
0.05313880997474747
0.030428866366366367
0.0505925422705314
0.031139184397163122
0.04405864197530864
0.05418076706147772
0.031999684343434344
0.05457549283154122
0.06213597670250896
0.060122282608695655
0.04142134661835749
0.06373142764857881
0.12284958964646464
0.07211212737127372
0.09834558823529412
0.06930941358024692
0.07051566193853429
0.0876995232172471
0.06299913194444444
0.06762941919191919
0.015162037037037036
0.011393229166666666
0.011670524691358024
0.01050646551724138
0.009821428571428571
0.012555803571428572
0.011329237891737893
0.012190519323671498
0.00796750992063492
0.0175487987987988
0.02085813492063492
0.023561507936507936
0.015420751633986929
0.0115234375
0.03126808449074074
0.030368589743589743
0.03205295138888889
0.01074810606060606
0.037851790935672515
0.019476996527777776
0.041914682539682536
0.02211130401234568
0.037284044715447155
0.03133903133903134
0.03510802469135803
0.010098379629629629
0.02936921296296296
0.031116452991452992
0.02996600115740741
0.0420093201754386
0.03423254985754986
0.03493923611111111
0.052275219298245613
0.04522156084656084
0.0419665404040404
0.03909243295019157
0.036322699652777776
0.029095936213991768
0.043137538580246916
0.023840525793650792
0.054754273504273504
0.05506727430555555
0.07906853864734299
0.015743371212121212
0.054917279411764705
0.050899621212121215
0.07129740918803419
0.0829133064516129
0.03484925474254742
0.08691578483245149
0.059647817460317464
0.07732204861111111
0.08167336744639377
0.05778434684684685
0.035967693236714976
0.043342911877394634
0.034231582125603864
0.05616640946502058
0.05080837673611111
0.0720486111111111
0.05896990740740741
0.059768178104575166
0.08536287167449139
0.08336672008547008
0.07321859903381643
0.06712239583333333
0.09852994227994227
0.07521081349206349
0.08125
0.0438963779956427
0.01310763888888889
0.017131331699346407
0.008924696180555556
0.016644965277777778
0.01050967261904762
0.021436558380414313
0.017498172514619884
0.01933011517615176
0.017727623456790124
0.02667483660130719
0.03257315264293419
0.022786458333333332
0.025336371527777776
0.02620967741935484
0.0337890625
0.019835992907801418
0.020893199233716474
0.019898504273504272
0.021122685185185185
0.023038663663663663
0.029637896825396824
0.02912326388888889
0.023013565891472867
0.029881143162393164
0.0381030701754386
0.028211805555555556
0.04762575075075075
0.056081167176350664
0.026887464387464387
0.034722222222222224
0.04520889336917563
0.028266059027777776
0.03083804143126177
0.03633860153256705
0.053931451612903226
0.03223642676767677
0.018856095679012346
0.05236235119047619
0.08039158950617284
0.015277777777777777
0.058527988215488214
0.07967342342342343
0.052459490740740744
0.048161008230452676
0.06565656565656566
0.09733422939068101
0.13679190074906367
0.1014562074829932
0.10300099206349206
0.08070632309941521
0.09682626705653022
0.08178777100271002
0.09126556513409961
0.0593062106918239
0.036571557971014496
0.06597222222222222
0.028506944444444446
0.053736772486772486
0.06580528846153846
0.0634494357638889
0.06350806451612903
0.10319010416666667
0.06684027777777778
0.08781828703703703
0.05685763888888889
0.07546422101449275
0.08393331290849673
0.07261284722222222
0.12655831659973227
0.07695195195195195
0.08529788011695906
0.015380163817663817
0.012976317663817663
0.031067251461988302
0.026208600427350428
0.014068486590038315
0.027955840455840455
0.023204607046070462
0.018383487654320987
0.019076554232804233
0.03548934108527132
0.025583071278825996
0.039049543946932004
0.042105463980463984
0.029857835429769393
0.03283870545073375
0.04266493055555556
0.034819392620232176
0.019067289272030653
0.029050925925925924
0.021944444444444444
0.015892094017094016
0.0592645202020202
0.02165032679738562
0.025969328703703703
0.020532852564102564
0.030217717717717717
0.04788011695906433
0.030843098958333332
0.023193359375
0.050690827546296294
0.06393470293209877
0.07731176900584795
0.057490892531876135
0.04236111111111111
0.05187074829931973
0.05276970284237726
0.035173611111111114
0.043627829218107
0.02717391304347826
0.06492456896551724
0.06163194444444445
0.08075716845878136
0.05017921146953405
0.0620202850877193
0.04592013888888889
0.08919857357357357
0.07242063492063493
0.06984819121447028
0.0768872170781893
0.09903492647058823
0.07477334104938271
0.07653664302600473
0.07339015151515152
0.07693394702842377
0.04090711805555555
0.043176328502415456
0.056244013409961685
0.0314429012345679
0.06524493243243243
0.06556532118055555
0.09833252583979328
0.05992798353909465
0.08046673126614987
0.0759548611111111
0.09930555555555555
0.09174039193302892
0.09993097389558232
0.06493055555555556
0.07052422086720868
0.07429423309178744
0.021846064814814815
0.010216346153846154
0.019156407828282828
0.01265256734006734
0.01423611111111111
0.020854505420054202
0.009731359649122808
0.03810763888888889
0.03641795865633075
0.01809106691919192
0.023331207482993197
0.03308256172839506
0.026150173611111112
0.03191676731078905
0.024731072984749455
0.020947982180293503
0.03197728978978979
0.01715686274509804
0.034755608974358976
0.02238343253968254
0.018147786458333332
0.037270385304659495
0.03537326388888889
0.03998015873015873
0.01354692760942761
0.03952991452991453
0.06552579365079365
0.0401417042042042
0.05065104166666667
0.027878714470284238
0.07186989379084967
0.06251400089605735
0.04891610360360361
0.04524222883597884
0.05984477124183007
0.09524782135076253
0.05758101851851852
0.04037858422939068
0.052252710027100274
0.07920042438271604
0.14328972868217055
0.0747053872053872
0.0333994708994709
0.06944444444444445
0.06635518790849673
0.06718346253229975
0.06995506535947713
0.04953903256704981
0.06091707516339869
0.0744747150997151
0.07148248792270531
0.1338470319634703
0.09832175925925926
0.1683376736111111
0.10346010981912145
0.08965386284722222
0.09533870545073375
0.05237268518518518
0.04190613026819923
0.040197649572649576
0.06059027777777778
0.07123842592592593
0.10685350529100529
0.09492304804804805
0.10895412457912458
0.07899305555555555
0.09571012544802868
0.12207795383411581
0.13623113854595337
0.07844799741602067
0.08595486111111111
0.09386128917378918
0.11265190972222222
0.06007265946502058
0.10706779970760234
0.019545250896057347
0.01144894894894895
0.036591880341880344
0.03698442760942761
0.029113247863247864
0.015814887152777776
0.029020675505050504
0.012152777777777778
0.022702991452991452
0.024434840425531915
0.04107418430335097
0.03490093954248366
0.020858864379084966
0.030069444444444444
0.048873546511627904
0.038492838541666664
0.03430266203703704
0.03204690346083789
0.03029513888888889
0.09135251322751323
0.09866431451612903
0.030671296296296297
0.055281432748538015
0.04373468137254902
0.03435672514619883
0.04399671052631579
0.03591873123123123
0.04956317204301075
0.04666940789473684
0.10150989057239057
0.06917162698412699
0.0447203621031746
0.06903452932098765
0.0726518361581921
0.07126524390243902
0.07503019323671498
0.05152925531914894
0.09081978319783197
0.03746527777777778
0.06860191993464053
0.0649142795138889
0.07276700191570881
0.09882973251028807
0.09554036458333333
0.05431923400673401
0.03963122605363985
0.11570669934640523
0.07470703125
0.09083422364672365
0.10514961192810457
0.08657820767195767
0.11317415223665224
0.08227472899728998
0.039162660256410256
0.04011926328502415
0.056976010101010104
0.09995659722222222
0.0832734674329502
0.054506655092592594
0.07700892857142858
0.08333333333333333
0.06456537356321838
0.09524936868686869
0.07042450716845879
0.13697696905766527
0.12764868233618235
0.12591628086419754
0.12481231231231231
0.13392168209876543
0.0895486111111111
0.1294934640522876
0.03966482426303855
0.01277281746031746
0.01637575075075075
0.016025641025641024
0.010320216049382717
0.01929323476702509
0.016438802083333332
0.027957375478927203
0.012336910774410775
0.021640826873385012
0.020620748299319726
0.018860479797979796
0.026642628205128204
0.02042483660130719
0.03580414653784219
0.034862231182795696
0.029182449494949494
0.028568328373015872
0.03161168981481482
0.02807893990929705
0.02065972222222222
0.023332281144781145
0.04319234006734007
0.04408094618055555
0.052083333333333336
0.029291310541310542
0.0521484375
0.05076809764309764
0.059361645299145296
0.06566941214470284
0.03701836917562724
0.03298611111111111
0.03180803571428571
0.07678129756468798
0.08604271885521886
0.057269408831908834
0.07190656565656565
0.02570064484126984
0.03969684829059829
0.028132891414141416
0.07118055555555555
0.019685259856630825
0.06693672839506173
0.06712962962962964
0.05133101851851852
0.053385416666666664
0.04684787326388889
0.060944733796296294
0.07284989316239317
0.039422425474254744
0.052890472709551654
0.07959401709401709
0.09222503753753754
0.04577850877192982
0.05320785984848485
0.04064894636015326
0.056206597222222224
0.05622632575757576
0.05381944444444445
0.0859375
0.08638468013468013
0.08706597222222222
0.060699588477366256
0.04097222222222222
0.08278356481481482
0.13178897180762852
0.14824585137085136
0.10592206790123457
0.14195421006944445
0.10278668091168092
0.11178385416666667
0.08072916666666667
0.08641770094562648
0.11377446338383838
0.017361111111111112
0.016840277777777777
0.019692001028806583
0.01726017441860465
0.013156467013888888
0.022475600600600602
0.029389880952380952
0.01881720430107527
0.010593820861678005
0.019753086419753086
0.018385416666666668
0.02346743295019157
0.022485977564102564
0.029935515873015874
0.020947551169590642
0.02332328216374269
0.028666501322751323
0.021245291902071563
0.02397825591985428
0.022135416666666668
0.02828970797720798
0.0276268115942029
0.012152777777777778
0.012470359078590785
0.04342013888888889
0.01122871863799283
0.030421401515151516
0.01488095238095238
0.02212226430976431
0.010633680555555556
0.02621527777777778
0.02167792792792793
0.0197265625
0.015309343434343434
0.019124348958333332
0.04532630997474747
0.0327915469348659
0.03987873134328358
0.034505208333333336
0.02867798353909465
0.019582312091503268
0.023623511904761904
0.02686011904761905
0.031572420634920634
0.03772095959595959
0.02806712962962963
0.036044973544973546
0.06086722883597884
0.044952876984126984
0.036223234953703706
0.02886904761904762
0.06924603174603175
0.06769929108796297
0.03409900284900285
0.0442531179138322
0.055092592592592596
0.06995257452574526
0.03437903746770026
0.04416232638888889
0.09391801075268817
0.034970238095238096
0.020946557971014492
0.051528742283950615
0.016620710784313725
0.03948337542087542
0.05298755787037037
0.014279513888888888
0.07275883838383838
0.11151485788113695
0.053168402777777776
0.052265344982078854
0.0677703373015873
0.09040178571428571
0.1382175925925926
0.11422681051587301
0.08116319444444445
0.09083185579196218
0.16853805916305917
0.09513419669669669
0.07301051051051051
0.10663231382978723
0.08059027777777777
0.043619791666666664
0.07195216049382716
0.08516589506172839
0.06873139880952381
0.079833984375
0.08500091374269006
0.10014467592592592
0.1320477843915344
0.11739174836601307
0.06703016493055555
0.09144345238095238
0.17140652557319225
0.1787551440329218
0.1069750816993464
0.10369925213675214
0.13548018292682926
0.14570473251028807
0.0779979674796748
0.012678179824561403
0.011221205962059621
0.0123046875
0.01289380081300813
0.01665088383838384
0.03101539039039039
0.015321180555555555
0.011810816498316497
0.018120659722222224
0.015125868055555556
0.013802083333333333
0.020763888888888887
0.027755519943019943
0.019377240143369175
0.017884322678843226
0.017288773148148147
0.019140625
0.014859934086629003
0.014331774376417233
0.016507056451612902
0.02619747150997151
0.02984633569739953
0.018651463963963964
0.019916142557651992
0.01057449494949495
0.01243361928104575
0.020364114114114113
0.01333244301994302
0.01183197463768116
0.013656374007936508
0.020093878600823047
0.017451533564814815
0.0181781045751634
0.015906531531531532
0.014875315656565656
0.013574592911877395
0.023168816137566137
0.01408179012345679
0.0241940621814475
0.013097993827160493
0.022357253086419754
0.03635912698412699
0.032852564102564104
0.020923132183908046
0.023491753472222224
0.02621045524691358
0.06818181818181818
0.06063034188034188
0.014872685185185185
0.037632761437908495
0.059966216216216214
0.043312978927203066
0.08514384920634921
0.0894593253968254
0.08712006843800323
0.10116959064327485
0.06848735754985755
0.07277462121212121
0.08643018018018019
0.0676540798611111
0.04198232323232323
0.0659450954861111
0.028545673076923076
0.07528211805555556
0.0428639846743295
0.038736979166666664
0.01099537037037037
0.06009837962962963
0.07416828165374677
0.05542695473251029
0.09125169376693767
0.07629243827160494
0.07353270609318996
0.11051113153594772
0.09658564814814814
0.09372653903903903
0.1222492784992785
0.09913589015151515
0.06514274691358024
